0 0 -1.5221706018612662 -1.4852435494700842 -1.2723498809225697 -0.7215799876843461 0.08937463642571951 1.2225493664162028 1.7402812607534899 1.6334953848259581 1.620454424439997 1.4396212300782345 1.6635452104786743 1.4682092273414054 0.7444626084859614 -0.7126681010830468 -1.9346358035907685 -2.455392649431008 -2.627060867761434 -2.5068433043655105 -2.03699530021194 -1.6764107807585085 -1.158031495969002 -1.094458745829442 -1.124835560031581 0.29921897469484354 1.4041836661225733 2.0338005767855996 
0 1 -0.6790147169100258 0.6802231381033323 0.9538145225497371 1.5735316471875898 0.6827962482710457 -1.1231536310502135 -1.7447279850146993 -2.1680513996805915 -1.9558916521850158 -1.4567727955584846 -0.8329081290048443 -0.1211605113923702 1.1868776544981308 1.193283977404112 0.8021162567485633 -0.7204652973561371 -0.7964786733057875 -0.789421403149838 -1.0110950164520986 -0.20767694639077122 0.3983792925309229 1.231036212245582 1.93886861050859 2.349119704189654 2.1531034717198376 1.0863363558388122 
0 2 -0.1496071308588827 -1.1634147863237205 -1.481115042626842 -1.19572519628977 -0.00891199925735815 1.6361194858485724 2.7615008954232865 2.56427172178507 1.969493509080089 1.1049600825047876 0.46830280408359454 0.2719883435074502 1.2543089965641236 0.9258007403301445 0.3504454597041972 -0.4638150035064645 -1.2020160124613055 -1.3186478074105887 -1.0848747220175863 -0.6894940781201863 -0.3676253323958247 -0.022423661404759557 -0.11725209445361182 0.05299255274492962 -0.04781129231507383 -0.579317343190641 
0 3 1.8957530223132264 2.0160243936395275 1.5205082185202452 1.381682772556772 1.1279045382299784 0.7367285962296375 0.18382045269245112 -0.5861812436356478 -0.8200609350927607 -0.8904776228104291 -0.8832701060534861 -0.8813409611720665 -0.8539535684441922 -1.1174188363366258 -1.4554621836268984 -1.5378316029439079 -1.7094363640214925 -1.6935521591191336 -1.3249174579063936 -0.6614805120782848 0.40608452328685424 0.7208314180010659 0.7311273869961691 0.5711060850811134 0.7894480048786899 1.3290307428578079 
0 4 -1.7654624617648076 -2.0240509367346777 -2.2257592905512795 -2.381932662944218 -2.112373551751093 -1.7147818887950856 -1.4379170728080102 -0.7019648921892732 -0.4305865113086256 0.4843586111206948 0.9629917000454783 1.017273993209266 0.8508531771731607 0.4648019843685355 -0.31291229494377265 -0.6929814301151255 -0.8124069824068735 -0.5112251631351127 -0.32493926305210363 -0.2386709747447773 -0.17116681626232294 -0.8287815412853744 0.10554239430782533 0.5646712567945499 0.8722652052579826 -0.9302041132762903 
0 5 0.6645230821320505 0.7630814213562901 0.8111363722876683 0.4500245388707482 -0.6021848308228767 -0.3619948623440782 -0.006454236086637555 0.3904999559846396 0.09898690583705094 -0.0014637574918412864 0.7036941390848026 1.3890019312149506 0.5536557103125566 0.15408486562604012 1.1983625766314863 1.6428855923200614 2.1694510591359313 2.024480315009083 1.5776873727097707 1.395112701217436 0.7774841673370381 -0.7408309160951073 -1.381934563024961 -0.7210273079490892 -0.2173886677782476 -1.0783644629554774 
0 6 1.1946279985290897 2.161408853547908 1.474500141129558 -0.7968849620472912 -1.9524495949336027 -2.2308222004748566 -1.9954208752002458 -1.2428237859175626 -0.02690747364856396 1.0086392701925582 1.4200293588578112 1.1391344751223031 1.3103116518798126 -0.5794697655658197 -1.2354599341141719 -1.3982419769709282 -0.997942762549905 0.6628803090522108 1.1211097590080126 1.506811972960963 1.6269258301776302 1.3553500420905442 1.2638291687462886 1.1454927658171754 0.614200279028275 0.6560436627376361 
0 7 0.3698759573783632 0.17564554260584309 0.2929540600454797 0.09213301450351148 -0.07808284942279231 -0.46416466497994746 -0.7974145704000014 -0.5534582046509978 -0.18371838430077186 0.43368955501886614 0.6327442345504598 0.3794267134975265 1.2624876222862316 2.425381652838984 2.4494251625403636 0.9530731230530428 -1.193031378744656 -2.052660181350601 -1.2733586299583837 -0.2619240949099259 0.10078425604237665 0.07927592239539454 -0.07997636490142718 -0.23215482839314935 -0.6817894639020566 -0.27684799277115896 
0 8 0.5499789236353733 -0.6966561098857189 -0.9966886991912994 -1.4991118250006672 -1.7313099927403215 -1.4023436440155084 -0.8285627672944726 0.42076616240988285 1.143413322249405 1.6942374247947145 1.7750626164731294 1.3034233656280607 1.3350429338457277 1.061254021309601 0.021500593247337996 -0.9223269724773183 -1.806714412446046 -1.8492215710409963 -1.865317839836756 -1.9729723943220665 -1.7150617623964994 -1.811261448042678 -1.7154796939243302 -1.8113457902548504 -1.5305045900080014 -1.0441679803874764 
0 9 0.810728342132996 0.4257892267651014 0.3799881383449531 0.4135935439450501 -0.17351587654430917 -0.33486296538304733 -0.3066395318432306 -0.13443068847973128 -0.23913703906347067 -0.5633623164663171 -1.0781145498325944 -1.0963174714274784 -0.7365009536685662 -0.6519934848807932 -0.8026900485296498 -1.0079827169805784 -0.8194169080205774 0.92259881788195 1.4787238737482304 0.6712918303676817 -1.378964120605514 -2.21772756250723 -2.0288184059708816 -0.6299583629614353 1.706977709416361 2.636944248129479 
0 10 -0.4191390396765728 -0.22494282066588064 0.21547569481391887 0.10945005904386097 -0.23701551999292095 -0.5808998243469704 -0.2443912431690821 0.45869915529757765 0.7387234019770054 0.9834310993063716 1.031498751274769 1.2958209032890915 1.2513364021253863 0.3441080648509664 -0.9773421911124159 -1.0058434695802538 -1.1110186903374273 -1.2596533071607747 -1.3322967756620514 -1.3490180597029375 -1.5255990697302384 -0.9365754278540839 0.14690137291074548 0.39419383657844176 -0.22848260937900908 0.31361869650130686 
0 11 -1.5487296164204731 -1.9008559757242256 -2.0385988512386204 -2.1333103112272442 -1.6490165880297551 -1.3136119039521412 -0.5641339854505504 0.7453846282147517 0.9473307035236218 1.4366422343489382 1.1638918501518032 1.0815422491955808 0.3062748238084228 -0.5654966130053168 -1.2757406981342394 -1.0698025102237612 -0.5369387613826152 -0.2970036571447984 0.06833086307621668 0.07615503331818141 -0.5634208015442816 -0.34274469766959226 0.4514745025303247 0.036862935184313626 -0.9949987109208449 -1.5176345818956385 
0 12 1.4601251114614848 1.6015153487941756 1.637996526975608 1.3629440052737885 -0.8172393026592305 -1.7476599704063158 -2.1681753300093165 -2.0342987363442573 -1.116840518732697 1.4779868183127696 1.5395190529087937 1.4151526965423407 1.4021868621702487 1.7676816342070676 1.647158353956301 0.36287353992939114 -1.5116360565434093 -1.4833980555363946 -0.9684640549330399 0.0031604206903712746 0.21158741691104574 0.19339707430094757 -0.19215597413632435 -0.8470301461789238 -0.261715564147244 0.41559302934256476 
0 13 0.19270563559930223 -0.20398776593370888 -1.2005072245375146 -1.7527072707621387 -2.1128830559641303 -1.7423778280063853 -0.6644673555989623 1.16247668764795 1.685664885990779 1.6081875165172124 0.09822368157574123 -0.7625572753250858 -1.173208312500351 -1.3036771016715407 -0.3099816599359561 0.38627320766811046 0.9289990784913507 1.187437584986079 1.5240179690264803 1.32029678568009 1.323852205815386 1.1906687891376992 1.8181241709073581 1.6256945793524427 0.6312274513410244 -0.6170934492503392 
0 14 1.4512752251118315 0.7690937070909357 -0.20554982135987124 -1.3386344665930798 -1.6483376357496053 -1.6414130704551857 -1.570952554078196 -1.6372992540049078 -1.7323526687739057 -1.5325865300979256 -1.6397595821881548 -0.6450304514409171 -0.21302204514749276 0.3295782127936142 1.0546881934665784 1.8326734340902153 2.1328532395239557 2.287178008872089 2.3718133479686814 2.145018453143594 2.0666655332780217 1.5413839599021948 0.8936727259600327 0.6601513827170484 0.6544501328120467 0.42095882195133427 
0 15 0.44659029760493707 0.21085036300370166 -0.2583864607565024 0.8216650242566608 1.0673857354846272 1.577225361381799 1.8205806805427713 1.5040400784498036 1.4888990473086343 1.6501193631966042 1.067434690952604 0.5263153158434988 -0.22760334500018473 -0.6482075576638849 -0.5052321414850052 -0.1761026074768716 -0.5999866181288445 0.046864077441007145 0.30830269799201304 0.009570054950215134 -0.1820624028562373 -0.21366960794379908 -0.3277653379185833 -0.5078256430417667 -0.12579920087761257 -0.544031500416783 
0 16 -0.5988469306954027 -0.29755283963080353 -0.4326822807490054 -0.5956541842679336 -0.5315436619674682 -0.28260100118616166 0.24448884045792918 0.4196259822246451 0.04232794643809274 -0.38151110758698964 0.1221063050190787 0.6163357192914323 0.43860329786268953 -0.30485876804582507 -0.19201314778506465 -0.19525837796734308 -0.152782211291511 0.6730767954247008 1.31317378878559 1.801402153409186 2.5030164548352962 2.565312483092667 2.1219453469996963 0.2625672234415544 -2.484227836554525 -3.5256570350214447 
0 17 -0.8928568693536971 -0.12972976350788618 0.20978060987517125 0.34947865618967816 0.9643826185802824 1.2405773993223639 0.7116327812301189 -0.8221699239219675 -1.8705281313080033 -2.2397573600031824 -1.6856899909486789 0.15112039688084652 2.0876556513074953 2.345074080463838 2.1031213541705323 1.7691465035844052 0.6323216969986263 -0.2960303062020851 -0.5754430563262715 -0.2119372846777579 0.22332855220615977 0.6920340026218144 1.2236738922118697 1.293832568085994 0.5273885244703586 -0.35622314720913983 
0 18 -0.34950060635297353 0.005836017546415378 1.3808990286353826 1.3236611280381216 0.4451352118037047 -1.2497696832938796 -1.8142292562690792 -2.0682286916863624 -1.4295567410139356 -0.9024087521022528 -0.9025301463588734 -0.6750974380914516 -0.5207537231944454 0.6411737993263378 1.710561126055712 1.9726613690021875 2.0798828276837957 1.3308774290199155 0.5840438505968863 -0.8255445638525755 -1.3994242310263596 -0.8378934840097206 -0.5290403762395479 -0.9297840130359035 -0.9029261494261106 0.2062850500828059 
0 19 1.1919313054711531 1.592465385854383 1.4622348202505038 -0.23805094176269717 -0.29991618727170805 -0.9303573672603335 -0.8968529574288001 -0.326190501705951 -0.6861230441014955 -1.0317831748800013 -0.5733494482931103 -0.14885040137091426 -0.48596497213223855 -0.8911852527479727 -0.3873349525608139 -0.29382428793321624 -0.26901012586379697 0.5709690997020994 1.2274153183065468 2.496939207532905 2.559369851172924 1.5072036497881773 0.3860753754630433 -0.5208917708883891 -0.41067559631883677 -0.25928800250655953 
0 20 0.6224935303881938 0.7011441253383285 0.004118439079116872 -0.5614396242559652 -0.28481235823314477 -0.25933041648556554 0.07216203954256177 0.1434828387256405 0.3330816722122625 0.07483309039353812 0.09689802987586187 0.09576246340255655 -0.0940383784610173 0.26722366904996475 -0.25472246662628445 -0.9694880646629541 -0.8958913788777438 -1.2063204677862236 -0.9479984713365192 -1.3151433180944103 -1.1434495477531814 -0.7139425434329412 1.614714560107677 2.869676204875842 2.8771862233476457 1.4805936591919955 
0 21 -0.6161371517735215 -1.2670944707435654 -1.313077412742011 -0.9700885841736533 -0.4176048961375927 -0.2729418143004229 -0.39276778051392897 -0.5323343574035841 -0.20276759571602498 0.8648241054464374 1.5735261950520658 2.1091321895060604 2.06830507266724 1.9117292181935774 2.394600844735058 3.108088576038359 2.944434898862593 2.144112267672224 0.6056742770450939 -0.8560403004758461 -0.5155258204929833 0.4267673238721424 0.7346971115119486 -0.08658733352176437 -0.7509363895591697 -0.6752190647808056 
0 22 1.7809090236604166 1.9584437849525607 1.403801200726767 1.2501494931453037 1.0275753812283006 0.3373506317526316 -1.2493803051942602 -1.7842019251326986 -1.9770709954449852 -2.13570260480354 -2.0564033797851398 -1.8801968095261172 -1.0872468206948231 0.001169993698072567 1.0932902579173083 1.6961339935152338 1.4937985892050758 1.0799165677799107 -0.07067301013533828 -1.3502005880542813 -2.1556122516985705 -1.8969556104929248 -0.7436093317834701 0.7641400529095074 1.5311729867127604 1.3085707019503263 
0 23 -1.737238738144962 -0.889107689651874 -0.27748940318947674 -0.1737639894555551 -0.6883485844219929 -0.20510585030863693 -0.06071725309559884 -0.22521684201717893 -0.6990189126122814 -0.8929714166287696 -0.6655650951897204 0.031592312173893265 0.31232691941537055 0.3353837030722918 -0.02497643628365316 1.0414157694387374 1.4875443440806069 1.5397115952880136 1.307650017994846 1.2749875570030673 1.4629008000905157 0.7112292824947714 -7.939674871745038E-4 -0.6908833341201891 -0.5244546032242164 -0.9962911325258069 
0 24 -1.4494592129972508 -1.474353455439693 -0.9189388450655416 -0.19154747094113903 -0.5149744313819067 -0.748765232257552 -0.6294808777423394 -0.5542312374174596 -0.13643498125196243 0.005902787681431722 -0.4032816070747994 -0.8858568705667503 -1.531295849748417 -1.699051155672062 -1.2778939110433807 -0.29600301567958637 0.03034479582716349 -0.2398435233579944 -1.0476451377214553 -1.0721933658941747 -0.4968489669937068 0.5450239797681367 1.6794445881854956 2.0875377774600588 2.4947692981880643 3.0576946272397647 
0 25 -0.668859239425424 -0.7747469839532303 -1.24848552619401 -1.357485972236465 -0.736227114737613 0.3764185750740206 0.5545969551137538 0.5098575730212384 0.02114070602815501 -0.6458703677145148 -0.6077100993422573 -0.6051359083654643 -0.05884316901087935 0.1483936380485506 0.670521835987774 0.7463191532738465 0.7168527947655418 1.092348464074214 1.6844073145899934 1.4585963486554763 1.2247503239117388 1.086838709051607 0.4052107338324303 -0.11907250634351238 -0.9337291709077364 -1.2369763007781938 
0 26 0.44760041260333905 -0.3188347289656652 -1.1877148449183887 -1.1953884553657679 -0.04774818302900714 0.5981836344955389 0.34826132751501754 -0.9294314364855286 -1.4436248205747517 -1.211723796333866 0.4621804349089793 1.3513405268278873 0.8803002040530968 -1.4979485465129785 -1.9145305484055437 -0.571839027770754 1.8437735508904787 1.9619598652867134 0.31127273309119685 -1.6104059394767214 -1.6711938575826903 -0.6356893627574659 1.1076025015413038 0.8609262896743187 -0.7047835172124652 -0.9512385775343906 
0 27 1.12804014018495 -0.10249875598753927 -0.11060247014835484 -0.5116313874292372 -0.23051333076915145 1.1251325529359884 1.315919181602998 1.0739989364612488 0.4186113662968246 0.06797383974426514 0.4889828795806304 0.5425416235094217 0.41029674168990987 0.6288329728840021 1.2736213193336003 1.8250420258909992 1.9883563658586119 0.5716193517787338 -0.4230223184373519 -1.1825303300362136 -1.3746770294998925 -1.7300347044723028 -1.9687421937689866 -2.044058036915963 -1.4506982679521396 -0.29710753743065293 
0 28 0.827263029603912 -0.17350161537289815 -0.3621508529825315 0.9447645276380834 1.258306054567342 0.8184067930529126 0.5878666822086944 0.49204759668588444 -1.0693176587501227 -1.5290339225103637 -1.6880388301484939 -1.322830221733434 -1.5648432928613802 -1.8708427465289499 -1.7932434188556745 -1.2132140496610828 -0.4886628499971825 0.09839362283448488 -0.8247578515058469 -0.3816490733065897 0.4968582572993082 0.5939910296713657 1.154436419986683 1.1837614694358 0.512398720152851 -0.06673520655468693 
0 29 0.2501213816659464 -0.1623663737704072 -1.0392966094776044 -0.8367921239744505 -0.9491833663934194 -0.056933973771314685 0.42498446828625536 0.035235592921644285 -0.322160629247145 -0.4090583024182589 -0.2573549514617609 -0.4764234263353319 0.16882096665585822 0.10306268451496588 1.3385998216241861 2.2075254005018676 2.31722820771818 1.4050492693390175 0.28315496204112306 -0.35533057083155384 -0.537703333389414 -0.12745265832566857 0.259998101814444 -0.12201180769119502 0.20605104797815543 -0.4102639494030305 
0 30 2.1240892172209733 2.0095129196543184 1.8755075896772389 1.724487113842075 1.7256827712307536 1.4656860598411674 0.5699946527377046 -1.1038160907738865 -1.7000811038782873 -1.5294719131969867 -1.114797994329143 -0.9220107765664652 -0.5635157589210819 -0.21379161282294587 -0.14526696773799455 0.2918659628627613 0.950604994670437 1.288378985175699 1.0634091153784837 0.11422231568123459 -0.8063629782071134 -1.438324652662598 -2.10234089897784 -1.9384278999535993 -1.752436465483624 -1.5115743122601741 
0 31 -0.003943270020729328 -0.11057399597422447 0.22302465998853352 0.25075747031714224 -0.23619057375188351 -0.6021066532781255 0.5744522070333292 1.256726173814617 0.7233724564491204 -0.3911207961683415 -1.1898648610292797 -1.8143952575489402 -1.6006185377727313 -1.1106496927580136 0.6250404496786506 2.141512611034551 2.278060623566777 0.6053708608867425 -1.0944342678071073 -1.4471915671884847 -0.9807621565858543 0.7647940996383081 1.3278435481750426 0.823902680023887 -1.0519021798178496 -1.6124382934717607 
0 32 0.41525209902023474 -0.4316948381240508 -1.1819428999368753 -1.2721239216394518 -1.230301904347395 -1.32309421755873 -0.8256785935686118 -0.25095892517477447 0.1785803860286576 -0.7975630005233116 -1.2268411529614134 -1.4511180674724304 -1.4503003802026704 -1.1061519734194563 -0.007989473745464062 0.7255795924744585 0.46533536930428326 -0.4896766324514315 -1.8353176868770804 -2.095932802668987 -1.7150248022464336 -0.8723916882764378 1.1176368565009347 2.4296611359794573 2.323555897138543 1.3456262312329168 
0 33 0.7248312960484917 0.7087095073041876 -0.18864531677031446 -0.5810714627470045 -0.2809300035359173 -0.28711059717985354 -0.6399264440337136 -0.4983197282254251 0.08318956918641483 0.8857211828260564 0.5974397522114373 0.01945283614141982 0.28095508942499586 0.8142052286165297 1.1940966911526443 1.5380254745110185 1.731158824069653 1.6944551355288664 1.328699267722088 0.6640702662006928 0.17210787514712012 -0.551864859932829 -0.8620033415106926 -1.1422065061482487 -1.2244242788572057 -1.5529823725920768 
0 34 -2.055538391594947 -2.1463179053937087 -1.8179771348102176 -1.5462705452991117 -1.3316559621384014 -1.4717081965368224 -0.994637600577297 -0.2484827707517315 0.9439559104481968 1.2450960509255873 1.0564318895966989 0.8565519501764353 0.9092022531308921 0.9378237400665791 0.793571947024491 0.6934304510722185 0.13474950431482954 -0.44777226233536177 -0.4348414011453875 -0.52317324336243 0.464985603692385 0.9180864082846865 -0.12218397495975798 -1.0030846593198122 -0.8356079086852454 -0.9899589920883612 
0 35 1.2142382703417929 1.016391818019743 -0.1844774007548872 -0.43038585403664453 -0.5774431040607403 0.2070204224555846 0.5722702771063879 1.1402542148828394 1.463063062587732 2.0519986532478085 2.2548348992685887 2.5684097157228987 2.5587357631745196 2.179459095090757 1.4981211384234931 -0.17272487710362844 -0.6284777901270798 -0.1619355017129192 -0.012424945975747606 -0.6976523442514008 -1.393193052065839 -1.4501939894618727 -1.201016728845271 -0.6549300087629759 -0.2689373415528964 -0.7578262717689314 
0 36 -1.0838112240741193 -0.2239842907629406 0.7131250086677682 0.23279716807462644 0.2171750700060977 -0.01732849528413346 -0.3702289965031344 0.5273007323765366 0.4439396599387639 0.24806649062251726 -0.5592441290295723 -0.15661169712391315 -0.8544916484951723 -0.9262130404739141 -0.9496214033154478 -0.9254325482920274 -0.7457920288206089 -0.4428673346914695 -0.539278310467562 0.42772574274627445 1.1912769791067996 0.8918666863373341 1.0926090082076472 2.0805424911550454 2.812035216347431 2.884878705607165 
0 37 0.8036165531645794 -0.1497655240938728 -0.46826395981809943 0.004424404201340159 0.6924966555323891 1.1221528857922407 1.3862304515797437 1.1780747342114022 0.6957433064174261 0.578340778731759 0.9916032002051207 1.3220100313557095 1.507546504951388 1.878251858349497 2.0948871411244605 1.7424289215181106 0.28769844823262847 -1.8910430089133679 -2.330780601389532 -2.0069087452189938 -1.7170233118374587 -1.332854702203483 -0.9263363577365475 0.4661729707654709 1.2454522903710237 1.110069011955239 
0 38 3.5571606331503283 3.3484634047904542 2.1207770074625 -0.43392968046464236 -1.1616085120422162 -1.6346524698752412 -1.2523915891882464 -0.341968689988228 0.0898504883445578 0.4293327367020249 -0.373844455486112 0.3293498054944465 0.415590645147893 0.827187998989614 1.0307394653595177 -0.4686265271172636 -0.5374930729470195 -0.6570484657972984 -0.351873219841938 -0.4992234910759753 -0.30342420003682347 0.09793539692858166 -0.46086922518146506 0.13267986299526577 0.14855890143018102 -0.6424526728434808 
0 39 -0.6672568563357857 0.7276348621866329 0.6456429756703851 -0.750765705072806 -1.782668712235816 -1.7829888498163446 0.12120644323226658 2.0424836007429388 2.0563598778793963 0.10480539279007878 -1.8411080606269838 -2.1905636660448584 -1.333966501070247 1.7668267345498974 2.394072653377468 1.801736018320065 -0.9796020025659373 -1.8428376882508435 -1.5237300782827525 0.2756669647874383 1.6547639228889979 1.5640806441196682 0.5935546054659825 -0.2188126409443241 -0.07074468953063791 0.3141940774013173 
0 40 -0.3803479437327754 -0.06969648761740561 0.7211494507248314 1.5261881699352966 2.2252396486144894 1.8335603957254358 -0.8989711955543347 -2.374348947556035 -2.9278192028097707 -2.422746154064013 -1.4243266380083885 -0.4256943449366707 -1.2657709293961656 -1.9916406351893605 -2.280076838651255 -2.206473047772881 -1.1738674454731222 0.5685982286165943 1.6715651288364108 2.392263072604335 2.1202096696792307 1.6346548745636398 1.7317071770956047 1.7454157146030984 1.2251092595075803 -0.7909940688524042 
0 41 1.3935492863845156 1.2658469827283716 0.48467187182644145 -0.28548590250273026 -0.5064301374019484 0.27517020282424354 0.38448581184833663 0.9581587227307358 1.0514913411071831 0.8683963007603116 0.44061343224433286 -0.766177645192398 -1.8375128407619785 -1.845559333300441 -0.9312324694467788 0.6676701740305089 2.332152857902977 2.624562993978965 1.8103294793580955 0.20525006427787235 -0.7247120034745853 -0.6189682772210418 0.3493832425621798 0.7443000180306238 1.4962204063077873 1.3907102758489696 
0 42 0.22487418763698022 0.387088585645489 -0.5125857336382652 -1.3637454944922436 -1.3750503000792993 -1.2059990945314947 0.5253002776718655 1.882369935426258 1.9910026799183664 1.4143638392492177 0.1488111585545635 -0.7329425702763054 -1.2644216969382969 -0.4048921351386698 0.17471604444709102 1.0875268597146963 1.612216599047517 1.2613734074999385 -0.1540384622619494 -1.0715921130534873 -0.8946396676078415 -0.6640539640132054 0.10377553543736205 -0.18073150884312397 0.524999702278718 0.6183720883951616 
0 43 -1.6194503761560959 -0.8476374198279998 -0.742896294467277 -0.7883854145507084 -1.0561390390320227 -0.4476016479279586 1.309618462357721 2.3976186971740425 2.7245310525304984 2.169417818713281 0.12547774016476407 -1.62820344057146 -2.2601583898859996 -2.283990495805385 -1.840859467534884 -1.3762768176439357 -0.14387449354362553 -0.11038433009570808 -0.6956165716448913 -1.6267144806900804 -1.1306139278962322 -1.1797947152341075 -0.9647597548741154 -0.6020451448809613 -0.2163125279785135 0.7907890803920364 
0 44 -0.9214847111810878 -1.1460323729314452 -1.2874225486526898 -1.1555219536308259 0.633139875508133 0.5619026060928809 0.4461415181000221 -0.3341246103628694 -0.920826893844934 -1.3480950702832954 -1.310420218798923 -0.04708951417987625 1.3011291358666959 1.5479910916180109 0.7794634916296534 0.25619271723923304 -0.9191999741818236 -1.620336015696929 -1.6404917667824461 -0.9410214228178657 1.2848580763141795 2.5885498739824992 2.3664806253115382 1.4711656379416964 0.09236224495576621 -0.507448526717426 
0 45 -1.811262489301904 -1.5632664320194123 -1.54766579572894 -1.764220339172485 -1.816262726184791 -1.6974883999458943 -1.384080580494673 -1.382228509384737 -1.3941340430613058 -1.2071611418266783 -0.9793607875868587 0.30403756280518485 1.0374923408340289 1.1604145510081467 0.8536019885440791 0.8344566637139411 0.792385555225906 0.8703565570355677 1.0291977884223198 1.321733696918967 1.9184869923227026 2.5099625091096427 2.2666833566910114 1.886281525770496 1.5838267274878663 0.5562607558034149 
0 46 1.8925756260434843 1.6958067211040253 2.1208066795122815 2.001037096593822 1.2801085428964853 0.19176021686613184 -0.8343326415929667 -1.9208021190831124 -2.1180120332451984 -2.0753068690157783 -2.172746275606407 -1.804168945638187 -0.9897436586912766 0.7942428383159589 0.7869554537748756 0.08023006027515114 -0.481481099797613 -1.2524559559625073 -1.2943258723888353 -0.9416766673343016 -0.7534863625135878 -0.2669064845305827 0.12874619853103672 -0.15790028126167424 -1.0069325689425432 -2.1121906587701713 
0 47 1.251123064282982 1.2507814616215305 0.9520325162502915 0.20748511807928569 0.7868835231107594 2.2356354573581756 3.1184171305353265 2.9585485441016015 2.00344294791783 -0.16207375939933027 -1.727723644082396 -1.373833210623488 -0.9040154962549424 -0.6226577385528748 -1.720630722380108 -2.496729303339083 -2.6520281818835882 -2.2525317404059084 -1.4427190341780571 -0.633125393092969 0.5945848824379221 0.8986882121124368 -0.07278544336250284 -1.7937368583173128 -3.0020897162851887 -3.290296228927982 
0 48 0.3092698433820949 0.7002805937100967 0.8914864640996057 0.6673768559426027 0.535436403940568 -0.43048130428452736 -0.9470285037079202 -1.0700486100210027 -0.7656819460990381 1.0596294216869513 1.9020047625312388 2.0775873098312427 1.583866864380197 0.20157929613749076 -1.3223383592524527 -0.6800496777254025 0.41649967694427603 1.2243265956411111 1.5515798633380204 0.9635081909208906 -0.25569123041999553 -1.0063046337438915 -1.3107826135198233 -1.2974497132935967 -0.01818846544390341 0.9430631460568321 
0 49 0.5512219999286619 0.936519542859896 1.1408069146055695 1.4560358630052417 1.648292082603845 1.8446486119034768 1.8637430243184767 1.3428438965607978 0.8725611948016905 -0.14420114878240092 -0.36353648308226927 -0.5120435281349692 0.47266406338502714 0.6703622113672797 -0.24271046997819928 -0.5670595119667161 -0.9634504308563069 -0.6339819029007441 0.504415499049878 1.5844425737554242 1.6770514575323852 0.7832746769284169 -1.1623846368201987 -2.251468875135785 -2.799640502622436 -2.7215582285414235 
0 50 0.7922356760882607 0.6098986024048442 0.42509713802460536 -0.1525591790367043 -0.7620660884192347 -0.9996778954858423 -1.0490009469622426 -1.0079667227964817 -1.1116270818222842 -1.2429308776780377 -1.2762906028544578 -1.1676471254210614 -1.1358298391262327 -0.8935225322915208 -0.09640616061269015 0.930656373698519 0.9003563574685296 0.28448055787416626 0.6158925581926148 1.1296100754716967 1.36135875836657 1.1449276334467202 1.046221461257403 1.2229856514847457 1.736344514858605 2.1068782288302277 
0 51 0.7099606953760627 0.4916091899494516 -0.7215085694599644 -1.000176356768126 -1.1504549261888586 -0.7390859664857222 -0.6922252039860903 -1.5525073507953575 -1.7988084079513307 -1.6772328900978015 -0.7089702569377503 0.8102149873183541 1.7038279905611329 1.9430910210484902 1.7264583685174733 -0.37846902905118535 -1.4376506663503392 -0.8210821176154982 0.5856637044156353 1.1516804711351132 0.6389135931420666 0.0014439353335998072 -1.0403639286263913 -1.588425576172156 -1.5527367472799014 -0.8135602751226733 
0 52 -0.16927189166612824 0.8058817368401535 0.426966988716679 -0.6416329868897741 -1.2046980710954187 -1.2457081925962332 -1.0311926881643818 -0.23791144285061722 1.5295069591968582 2.3821977054209698 1.8617639864057904 0.5234017720743029 -1.1701052526591167 -1.8906723315478067 -1.2734392659122091 0.7550796242213871 1.2424270695133186 0.9167833140522339 0.06998714471714165 -1.0863721723828565 -0.7292558145733095 -0.5018963096109427 0.42338288710699573 0.211814133158152 -0.2674447378080128 0.292854056345805 
0 53 1.1851134548412607 1.3610434241656406 1.273311020184065 1.0970041141875617 1.0158697561427361 1.1923939234827203 1.4134211890875978 1.7815925610850516 1.6227280309596974 0.8235681228038351 0.02617978565205978 -0.9604382317127803 -0.783537654922222 -0.01622963142577716 -0.5057777285792042 -1.0960302230034755 -1.4402908221792274 -1.6992345487697975 -1.7688919756883266 -1.8026996334944183 -1.2365038623846705 -0.7122112293677642 -0.3495105050065732 -0.05576049195306887 0.4063689896585047 0.28038197640261475 
0 54 0.4543275866957702 -0.1356647617864217 -1.3496473721351556 0.3978538617085399 0.30329074175857473 1.0899345726796386 2.3018833624197854 3.0387524541700106 2.880842133393585 2.185447353989367 1.3434616378041164 0.9358738477585756 1.129477779365732 1.1720961773930771 0.8703527605473975 -0.2433238895695377 -0.9434844401077557 -1.5708403407488443 -1.7874917804907908 -1.7782919314985595 -1.8631505315059056 -1.8628763295370039 -1.3282323281318358 -1.6579888509390546 -1.5183587634273636 -0.9022417891229807 
0 55 -1.8510931411940301 -1.476197847439442 -0.882070862824764 0.931189579537529 1.7354637183293145 1.6596896845258498 1.057321572841052 0.9904612521327623 0.6698558616880236 -0.7600196542381806 -1.43578524801198 -1.7624330948627698 -1.8637970815176252 -1.4446825317477783 -1.1626334086500354 -0.49429567131401203 0.38648684452389004 0.24018304878044583 0.14184037157405785 0.2300352416820645 -0.15073009883545482 -0.27670121226348415 0.06697926479152883 -0.07430729092364545 -0.3996418502794613 -0.5635092893275544 
0 56 -0.10077345615593403 0.7407378908200635 0.9664909484033953 -0.17240954156431806 -0.9088619927431358 -1.0850265888462711 -1.204680140476735 -0.20970407126675117 0.7566723360850305 1.5023109675564017 0.9850135523218639 -0.20310468383654626 -1.5996233149751722 -2.0035862254272403 -2.0822748265126148 -1.5009487585034353 -0.35487774079589635 1.1014423460948526 1.3709383309706165 0.8976339036862339 1.1354786797998875 0.22607289665677802 -0.9300035792033028 -1.0716603736691348 -0.4151519472742909 1.3702901724073493 
0 57 1.4807190532504273 1.1782596340601588 0.9070401319552795 0.4206941713102345 -0.029496060526604594 -0.23286768050700868 -0.2558059121745282 0.7908233848291893 1.39780761483271 1.9197341094575773 1.8095418039154225 0.9919052644325232 -0.43421458718822037 -1.3730380134400877 -1.4854889142928038 -1.268966738971554 -0.9125404250969742 -0.37966648967984895 -0.5006611674297252 0.6815250568055405 0.7905461370236223 0.5365918733815643 -0.43583713623256987 -1.2916150329427507 -1.0650043603041217 -0.0543824395910578 
0 58 0.9756898096400352 0.9151840043918834 1.2703185832524495 1.7423737977100153 2.04442724573923 1.8027244895592627 1.1452393878298994 -0.3361736930127808 -1.9786126322607442 -2.66570945757798 -2.5770131264569 -1.7205037900650106 -0.8759976301987735 0.5776392757207163 1.7492675961549824 1.8464393230453013 -0.25419769667726416 -1.685981348853555 -2.224317859801752 -2.0266908115757833 -1.479072883473886 -0.893813825217544 -0.792837051742942 0.3033523953358355 0.656184593541099 0.45270502310004596 
0 59 -0.40309317650079374 -0.2902620407291456 -1.0420511738973979 -1.683211420710809 -1.9047657750782316 -1.6815298941381565 -1.1471919241713895 -0.687378833773154 -0.6228291768678869 -0.6340700393005118 -0.7779757082468299 -0.5708885028864391 0.32237953172190376 0.3541022166490091 0.37617549321295296 0.500771421668195 0.7663553535544922 0.8565251199815731 1.1649510799563092 1.3555825422859407 1.3965943329072745 1.2983220267003928 0.7966736217048868 1.6352705437595378 2.0249220060376256 1.3987165290010422 
0 60 -1.1697355167339905 -1.044934183433298 -0.3945878625074693 1.08269674499835 1.812009983783077 1.9588569679812373 0.7071025104730928 -0.9842720578203726 -1.9790761164980677 -1.6472246354593902 0.5680410235611812 1.028678129752324 1.0131645266862102 0.7193171242841744 -0.41345686275885196 -1.053173409507541 -1.0620885600808219 -0.7554078829984449 -0.7148362469333926 -0.05864453514421301 -0.39593180881268936 -0.7123522958514176 -0.19943332311986572 -1.2626813063061706 -1.456053028920212 -1.0841033493710102 
0 61 -0.08878201309999273 0.22009423092874073 0.5100690993028956 0.6695934336247669 -0.03120710719773282 0.4701338497181828 0.4933831468115882 -0.17227372465566546 -0.2367071480907113 0.28003061975390314 0.4621151689675994 -0.5947527355985868 -0.7030198101430475 -0.29872477775085504 0.35664876639634047 -0.3409877466126881 -1.0037188764083187 -1.2994746219802524 -0.8188571709426089 -0.5381504776853103 -0.16784385448592642 -0.5409555488233119 -0.49921073637354446 -0.7951877458160496 -0.36199658924577016 0.07091259234134537 
0 62 -1.269582300455801 -0.48588518541596204 1.5537598086997095 2.2796404702473483 1.9896787259119928 1.6439708337848546 -0.16948609624310407 0.14963704461803523 1.472842258255925 1.164556950909641 0.28648587170341133 -0.5201447417702917 -0.726706602365617 -0.7850437645509273 -0.6379053322140503 -0.448424707124485 -0.3269343257011186 -0.5470312503446153 -0.31482515168442243 -0.2322953096894761 0.0496888907732117 -0.16452111229596003 0.036184925532009686 0.050121932979672025 0.22997139923204554 -0.15410104681596654 
0 63 -0.2826425209459047 -0.07482415358381998 -0.05491228082219725 -0.2578673446595929 -0.8579747136501606 -0.4785545291835379 0.44228345565147703 0.7566832223205935 0.808397764781344 0.2715939574993104 0.2641213241777192 0.6149905164555469 0.5619613792654283 -0.13238046554979516 -0.7601169121901393 -1.1193076612677886 -1.3665979652318425 -1.2887357282441845 -0.7540084238130418 1.9823856441572072 1.9796240197991137 1.0787865466513338 0.40383687631064275 0.7102575722831607 0.85719628846931 -0.21814369727044092 
0 64 -1.058896288718288 -0.3972116311589787 -0.05032935829267783 0.08064224232475518 0.7378458196617507 1.2665129489052043 1.5984820433732927 1.0368822571454201 -0.1719648384534633 -0.6733462663617908 -1.1900320654875214 -1.112950302250905 -1.0887865626215394 -0.9049975281347724 -0.8671877810073167 -1.0328241697893437 -0.7964157313375476 -0.6802095031150175 -0.5587119051637555 -1.075768384953048 -1.459600800277203 -0.895887028150808 0.7994061352164665 2.066107579477833 1.789937664917546 0.44853007845635345 
