0.6439541206776693 0.12069422170768265 -0.350603517825939 -0.6560490205785608 2.2819204421652306 -1.7162973626771774 1.757321068336267 0.778728854663753 1.1716956734234434 2.036371540180895 -0.7518936527143414 0.27914555431461147 -0.16047567502090268 -0.18002764163693039 -2.8390322002147976 0.9549302224590543 0.4143853964812419 -0.8399463510140912 0.13660573287761082 -0.8875099423950392 -0.17400709418505705
0.4964737931510368 0.10662993282076304 -1.1947028197034963 0.0625705352988533 1.7383439258605142 -0.9237284615894079 0.06360461922928225 1.4362777994471245 0.03713922066325808 -0.5654074675917778 0.41916778771733615 -0.3962355819832894 -1.6763102201303905 -0.5168469097705934 -0.6725114652695752 0.6939247953546133 1.0079673581231559 0.04280856465419856 0.1349069290211125 -1.0587078871351052 -0.17400709418505705
-0.14038759162468994 1.0836866216768017 1.3092495228076704 -0.22698024572110398 0.15739723425548263 1.1300246303397021 0.06849570337076115 0.0889610756627952 0.878785045249194 0.46834424808418557 0.9544328786370458 -0.6815823448000115 -1.2136441248091618 0.41250582985526335 0.19060756374351207 0.8987256864198937 1.9508294229482253 0.8921173768971025 -1.033405234177036 -0.673299305856595 -0.17400709418505705
-0.5671548469500557 0.22543781811161204 1.2617734382343027 -0.5888176926652477 -1.30435275324577 -0.058311255036891815 -0.2413956859538565 -0.21609695686529543 0.6397608210975069 -0.5868000178673046 -0.40130848686577625 -0.9635659337545843 0.42686691431719204 -0.30714054071805486 1.3235387556551237 0.6420329826755531 0.647374800815902 -0.9924262698991833 0.4154884314122125 -1.1759021070304245 0.9045210382450368
0.19338781355849263 -0.5607496786788517 1.1059861627248682 0.08729555439455305 1.066296456668382 -0.09820541735345785 0.1626564715643401 -0.6669880932650343 0.7300837910143158 1.0954765805187483 -0.44528673082973097 0.13707466463204734 0.02843383293237277 -0.8752659357768067 -0.08476099075416627 -0.18930066691992642 0.37957702311933067 -0.9732275203063104 -0.6942662551786102 0.13488245489625073 0.9045210382450368
-0.646671231285633 -0.010748065474605557 0.25056410196393214 -0.05407693070375892 0.4160313473155343 -1.0725863498226273 0.8992436404898301 0.680949715656685 0.3159405904480928 -0.039931213477706985 -1.316739467222237 0.4353649390622695 1.630017185964358 -0.7750903170189716 -0.3618929521649051 0.5316152761419028 -0.12266047671609301 -1.0834584146054742 1.1789052645493439 -0.2636546035826654 0.9045210382450368
-1.0674185001272714 0.3528217296835709 0.5465379130982582 0.2641632455383547 1.2680135341758083 -1.1546323841305424 -0.48091444396397404 1.0864665307428283 -0.6038538784225033 0.8204000337603204 0.13224557452063834 -0.6360501211942655 -0.07744216799123932 -0.20477021084451622 0.882120811623087 -0.9820893173876162 0.2507506283505239 0.8121303802297035 1.0592040622867804 1.2109334993669139 -0.7130974753050021
-0.10012070907488567 -0.10759738866693837 -1.0574713519654408 0.5843656292990199 -1.9583292834855164 1.0046896165828947 0.3501719561129109 0.1991448524477186 -1.2403811531778173 -0.21215254821220014 -0.8623972202325214 -0.9797522874453625 -0.3573640443719968 0.560508285390498 0.4302416148340299 -1.7593818161133377 0.5911830255130365 -1.0683478870442096 -0.5200989573217036 0.5090124909571205 -0.7130974753050021
-0.4282529910713098 -1.7001674827844613 -0.03826756624812923 -0.6854046340100118 0.44182737199897404 -0.698065123652032 -0.6255443933798578 -0.20862338226912247 -1.4816537891835375 -1.5445525719611415 -0.32227611596222877 0.37106721279593186 0.26106901510977665 0.359463329241551 -0.3704748736826661 0.3900337584390403 0.5086363312125717 0.8678165113400811 -0.625198524033136 -0.08514755553937353 -0.7130974753050021
0.22127884475234016 0.04571693430140454 -0.2744686066059374 0.36381013195063 -3.2561353445207515 1.7951305580272643 0.6181191863137873 0.5329912442007382 -0.3451656664587321 -0.6243234200090174 -1.4902820427239911 0.758888319215108 -0.018054353280814135 0.42920703705991003 -1.6847391128532156 -0.7749492553540823 0.7172726766640152 -0.01034764147417304 -1.7931408712673225 0.08940277606686621 0.47524570325491133
-0.2746296924047027 1.2192363585585355 -0.3730645845107348 0.3997413956440558 -1.5594348499309942 -0.5759963780029471 0.6197441487279997 -2.0796453692831642 0.09161127381783643 -0.9407087879646349 -1.372367909824087 0.5115160478609803 -0.19906973333866054 -0.5790369728936787 0.8233391029214709 -0.6514236174716128 -0.8751868692032166 -0.45384210642227685 0.3739231252295019 1.522176156403668 0.47524570325491133
0.4462131361741802 -2.027352278654006 -0.9126626774978699 -0.5793710645153417 0.2638257326129967 0.5917655512572362 -1.2611176381551856 0.9865517691390927 0.43676375312569293 -1.4183690680592722 -0.28202047742188446 1.0798530581069736 -1.7534565555794268 -0.20427595056143344 0.4488631221085752 0.9044626381510081 -2.035056332865937 -0.028108993058279397 -0.7704337088555049 0.7732565784696088 0.47524570325491133
-1.124571070395689 0.2211732725202007 -1.4882512401341284 1.0020328996211185 -0.04316284098434646 -0.4039134567098073 -0.9227802763562959 -0.9735527427641628 -0.1656867947712204 0.30153390812064046 2.118028370719433 -0.4689820959503257 -0.4235256403304532 -1.2336062218823327 0.988464415192979 -0.743199920528687 0.6687620866786493 0.22702304889996763 -0.09957060671986825 -0.9421908762721851 -0.1306685720934258
0.3707849278132452 -0.2917086630975689 1.5419374543249353 -1.379037603413015 0.7860937294206262 0.005976211292862604 0.8743649796306668 -0.4339450525142966 0.824942742345563 0.5463619534049279 -0.2543373482536087 0.6502445051343301 -0.25594267382224933 0.28641227979836253 0.15803733006080226 0.8756096168834003 0.08029334483843761 -0.8717796605490821 -0.1099444617128385 0.17737239053266834 -0.1306685720934258
-0.9586190765708673 0.31228918523688154 -0.33497378796137356 0.9058259246675031 0.8013368070840367 -1.3082312971109837 -0.7124185703013731 -0.774078605153847 -0.5613821874751477 0.35749016006897644 -0.686162703054965 0.6043251452986872 0.8581315695995779 0.3419787714295602 -1.060594620094633 -0.4160232005448566 -0.9553240795149442 -0.6234711514713509 1.0861114944625516 0.6085207359018849 -0.1306685720934258
