1.0683716018509826 -0.28329763404444225 -0.38175998252296317 0.1539991336085238 1.1842610553931119 -0.8276777631350863 1.250974763814251 0.7334392669088227 1.2567463312682488 0.8398192132412938 0.036385686490320764 0.08810231908006326 -0.12390371240973141 -0.31652626930401984
-0.35986751276951917 -0.7136567119171665 0.5819099517768141 0.43856686809543444 -0.4031711645398117 -0.45094310321683406 -1.1749369521232775 0.4698812021954321 1.0156274349416579 -1.364313902460169 -0.07772088933415955 0.8513139004232504 -1.0922420549150158 -0.31652626930401984
0.16934049666076673 0.05388926228371694 0.3395108823714859 -1.8467195023039606 0.42134568968525143 -0.5871464350329486 -1.0296171707397979 -0.8575384814608176 -0.5361884576266182 -0.5453043822449912 1.1651232584017852 -0.749357211978359 -0.7071149192477608 -0.31652626930401984
-0.504012886805876 -1.1510380618949752 0.5645627788410406 -1.4464678790427627 0.4590212754079116 -0.05436400359105561 -1.4149605671158345 0.3714566208860478 1.2320260318751377 -0.8935312408582687 -0.575405050047576 -0.9316898898677766 -0.7055176314021623 0.13799529244631345
-0.2064239555894872 0.2529421895534791 0.928945285838809 -0.06215449964713766 0.21372997828038662 0.40008792482565403 0.3099927402113617 -0.7747491111861575 -1.0422627518446959 0.18565140346764591 1.03858692406468 -1.098610991381604 -0.6705339276469477 0.13799529244631345
0.21080292714428409 0.14308332256688194 0.10897739253231559 0.9962778245858006 0.4278116066878678 -0.42575492264649945 -0.5461222020624221 1.187441564463336 -0.7124669997266205 1.578398415699392 0.40026757289605397 0.733039411489061 -0.5055769138232794 0.13799529244631345
-1.3891218951204827 0.4537874510822141 -0.49707324308088885 0.5387164381115409 0.12089386255817813 0.7055582030161166 0.004725610916343262 1.1511729573744067 -1.4511819171836322 0.43852082182230734 0.6817449612798494 -0.7912661626208912 0.4262433574124227 0.29603292837655243
0.2933407482956429 -0.9812964574706278 0.45780338883722277 -0.7711448317048467 0.46450864247005097 -1.2993543099651215 -1.1832651696353709 0.5466277187843895 -0.3055718599188242 0.29781821556734056 0.7247553584266387 -0.07502691166913954 0.3399223141202873 0.29603292837655243
-0.7584855314281586 0.7915083255652502 0.6337129972649893 0.07212742839471899 -0.43924051623015553 -0.5119067621439479 0.29358270723968216 0.5533161705705479 -0.8529844162121035 -0.21568411819420885 0.9258677695262227 1.1863480623367892 -1.0742827712993823 0.29603292837655243
-0.2503627503006612 1.3334143408887704 -1.0472563602037652 0.31106807154884913 -0.8109187224238328 0.06611497696302547 1.007047270045799 -0.8625058293827736 -0.9808111765637142 0.6357258901382883 -0.37776810172208647 0.5536891300377959 -0.7787672287880607 -0.9510278773620764
-0.9597454607876453 -0.3605123227872854 -0.7202618382468315 -0.11543364720606678 -0.8616201426936 0.4263790928588103 0.7231835099176355 0.6885753633912702 0.8075888681596011 0.6081824138447498 0.17111666643140414 -1.127996791743443 0.7570841948287633 -0.9510278773620764
-0.5037468827342204 0.6076577661640465 -0.26640947986318037 0.9939283039771235 -0.7396868765482578 0.20607472619897244 -0.4692723440984303 -1.5662736786093214 -0.305948697944823 0.31416266526261155 -0.11434399477355207 -1.461096601695555 0.8710770420831911 -0.9510278773620764
