-0.4997022749149715 0.5723380108113182 -0.26057233594230694 -1.941155190295518 -1.36216463972497 0.645462893949464 -0.6149089309463428 0.47879833640039415 -0.8168369035658292 -1.892892323852726 1.6647340340142494 -0.9003191455885787 0.3329518240003232 1.4815676626017373 -1.9281560153596706 -0.795336483266135
0.8264737149042889 1.090071584011108 -0.774354262740084 1.0502727651676351 0.324545856567853 0.15297653593619473 -1.2252376283892983 0.7250996739778962 -0.21598154363061636 0.2212281391811579 0.38175348320211727 0.4082377281777596 0.9822136046830641 0.2715378477536957 -0.42156471351126634 -0.795336483266135
0.24497502755775782 -0.9797527440420313 0.7693962402424386 -1.700821203836014 0.830507174729208 0.7025046835672162 0.46239283613415194 -0.10120143482701482 0.06378080579498872 0.7568776356682129 -0.8568322955724285 1.0326414590722286 -0.48981756539925614 0.9832276970118152 -0.235939688451315 -0.795336483266135
0.14968474529518483 -0.12566610373155565 -0.2914996568106661 1.3978262159124815 0.9438281268166815 -0.6357136655578468 0.013602153120419846 -0.8846953368793344 0.43793912520631895 1.4783293752856228 -0.9316905695646288 0.3607484438855045 -0.13213759345253018 -2.55872020916023 0.9460721832382674 -0.45309398485752433
0.23865278125933073 -1.11771510586273 0.9777758667203312 -1.325298725174545 -1.9651533685313076 -0.623321834377099 0.2527042467516236 -2.032084474030142 0.44935475507797856 0.22899045062564205 0.7409018336925264 0.2589089173668373 -1.5181838696815215 0.2638929372229135 -0.03491386295914192 -0.45309398485752433
0.0051916488936428066 0.7063607893304183 0.01652037256042018 1.0825738959976523 0.5369146650750056 0.38694442829034126 -0.6320546113173627 -0.5714872173627273 0.9088937181889436 -1.6899038716774386 -0.4582119413464662 -0.7589710676942272 0.22757440838913037 0.3505297599800461 0.7035995078464994 -0.45309398485752433
0.6026656195709383 -0.40962397255305844 1.2524673760678822 -2.3656543055316543 -2.0487596489556945 -0.7207479843196212 -2.9093079910723985 1.3133750208577442 1.5362620700297631 1.1250797525798384 -1.5515000671008015 -0.3762732542725975 -0.39363441702007934 1.0567307391188585 -0.9663724970450706 0.6853401320882903
1.313405230924149 -0.11361593543963114 -1.0849320927962898 0.4905227081856964 1.2027497682459303 -0.11775498754552322 0.6754985027342236 0.584059067235684 0.6172773327287749 -2.056051867867735 -1.3684952825433256 0.8633219773836225 1.0825145165980656 -1.2407116874245374 -0.2750314244460733 0.6853401320882903
0.4877012825130395 1.6803329563060216 1.0373305094478655 0.8018387645495749 1.457718247370611 -0.9662158863007425 -0.965937158160535 -0.06564153741424801 -2.238207277773012 0.22206500677759677 0.7211979562834151 1.1054265428324068 -0.9634571068582105 -0.5152619495648749 1.2463516880491112 0.6853401320882903
-0.43320609678760363 -0.6307949653653463 0.6693113061360789 1.4154908773033095 2.0875608321171337 -1.7802746700047427 3.105931314207964 -0.0829741807919019 -0.9453222161141892 -0.7285077314560396 0.0806159394310318 0.7136581687175105 -0.46813480741313057 -1.114006592283681 1.2184595381686105 -1.042405940606177
0.17866909343045073 -1.546806191520161 1.4652221596553983 -0.8985497564043691 -0.5713650326431515 0.5819211078760798 0.6228799309750727 0.3744227707068944 -1.3948681738685622 1.252308907033338 1.185584214137907 -1.480596088733155 0.4395422862327163 1.3101184912424069 -0.9401806817109013 -1.042405940606177
-1.1240736006604986 -2.7047143440362023 -1.3314198444138634 -1.0169113895815798 -1.227900802700766 0.090663352653874 0.5712638007931949 0.44643819038233434 0.2251554824303564 0.780825524944495 0.7072345271068541 -2.005983563068258 0.9044536839298207 0.5350302215186837 -0.056558518342534655 -1.042405940606177
