-0.39079560490863197 0.24034705059083766 -0.04425965751350636 -0.7299057741868175 -0.15625298653282618 0.7541513647927889 0.2896882504243701 -0.2074137832685912 -0.2793253312321393 -0.5751375945575128 0.9222164269990667 0.027128587735112872 0.7118747812339139 0.8309125120606192 -0.4372359574363638 -0.3904178646228914
0.7201301356435651 0.34503226916288526 -0.17338882038117054 -0.03412763856758754 0.8915575763176762 -0.4208579035698916 -0.5053972199280351 0.7501397636950711 0.044965689418495866 -0.09435712676760816 0.056263923922404535 0.5056043541220155 0.31526662728711263 0.626742167192048 -0.47532921598287275 -0.3904178646228914
-0.7639073360352754 -0.9330200295404034 -0.637241762775895 -0.8739424179423878 -0.5314108552630015 -0.5327658333592626 0.6596281843881335 -0.028237661671433188 -0.8512727704170695 -0.6218917198283777 0.7710595482341575 -0.4694425330263775 -0.2994186721593429 -0.3567394323614768 -0.7396518278885567 -0.3904178646228914
0.3390059004038245 -0.8192717043028382 -0.006697001246092986 -0.7902931562008227 -0.03630356392728095 0.5379182571679636 0.1776320429526056 0.08395245531021456 -0.6660825213788575 -0.16659394607987335 -0.659293162238987 0.4256395137720971 0.1380581476208695 0.2367703855362401 0.16771608972798008 -0.7097908733949396
0.15465047817176958 -0.4543744613080128 0.573198884648388 0.4243832155779883 -1.0712233374107092 0.6953321017696391 0.7021436118490706 -0.6514534328101241 0.11261405942540154 0.700583786444139 -0.2091908335562348 -0.4245210394650564 -0.4956134830129351 0.016517306141580285 -0.4463420182249692 -0.7097908733949396
-0.6409295222319114 0.8876510197558716 -0.48615550015547115 -0.30580041121087964 0.752717248322249 -0.8606457456062218 0.6892882473832792 -0.8493758050804768 -0.811465304140865 -0.37392206966629277 0.49160048604717 0.4335757719905241 -0.6898653110606854 0.6635914297262284 0.30220084557473326 -0.7097908733949396
-0.14745758952786805 0.8182509024515618 -0.4800387427654695 1.1938520948304605 0.1294946631364471 -0.2965997153740722 0.8068230160427625 -0.662220777889455 0.8705107591066841 0.3285895630364777 -0.2668179275606697 1.0387641421976062 0.17722370150807842 0.08747626839970772 0.05188551384849628 -0.7825740289644151
0.5337792096333768 -0.16406379001818214 0.6627550668210379 -0.40657315574846664 -0.25534297379949045 -0.5404581344818756 -1.6223311148297566 -0.4555447394786998 0.6491823194728177 -0.5741532475344364 -0.03306606709742636 -0.26982203774778346 0.46606094871097076 0.7461120073205711 -0.11109689307084214 -0.7825740289644151
0.43318242487675857 -0.09293063338702026 -0.7350153382953694 -0.06933976656422981 -0.9605370203597046 -0.7667637573529362 -0.7355548473233858 -1.2740650153044206 -0.24493722699262563 -0.07658219671462888 -0.6655468330480984 0.34965791807147506 -0.7621544899045618 0.4236215384534852 0.31023931717639297 -0.7825740289644151
-0.024389591036916004 0.6969125547028702 -0.7508813935875199 -0.055901337543436035 -0.08213125161888844 -0.5981817466452424 -0.6520838501473691 0.9543697839181022 -1.4274681987381441 0.48103837544693273 -0.9159747364995325 -1.3040019837786119 0.6620338967114067 -1.1340590841364773 -0.04349479488749366 0.8279109536720594
-0.09295976858908918 -0.7292336521025552 0.7581139018577912 1.0774465705854788 -0.7754446396349755 0.4815969123346675 0.2948737520247789 -0.11209612599651855 -0.4967664324797792 -0.4769177810093255 -0.1326547700021871 0.6604122693032587 0.15092881761808 0.061808445788570865 0.7248192338385739 0.8279109536720594
0.3707770883155405 -0.3513143845865326 0.06142220299004919 -0.8519152584278222 0.8413324053437126 -0.5935229296222149 0.6991130702343962 0.5118079710722732 0.2894838778731678 -0.387369474902391 0.34012483883939365 -0.07515797726957348 -0.7893417433277166 0.8224700604247125 -0.17912207384620318 0.8279109536720594
