;Shapelet Tree 

;random seed:1392486473, rand()=352508050, rand()=133038018
;command = /home/jgrabocka/Software/trainFastShapelet /mnt/E/Data/classification/timeseries/StarLightCurves/folds/default/StarLightCurves_TRAIN 3 1000 1024 204 612 10 10 tree_StarLightCurves time_StarLightCurves 

;Local Class:   0  1  2 
;Real  Class:   3  1  2 

;Node ID class   obj  pos  len  dist_th 
TreeSize: 38 
NonL  1    --    786  167  816  19.5109 ==> 573 150   1  /   0   2 274 
NonL  2    --    456  241  204   4.5503 ==> 187 137   1  / 386  13   0 
Leaf  3     2    
NonL  4    --      1  248  204   1.6010 ==>  46 107   0  / 141  30   1 
Leaf  5     3    
NonL  8    --      1   42  204   1.7247 ==>  11  87   0  /  35  20   0 
NonL  9    --    167  271  204   4.2678 ==> 107  30   1  /  34   0   0 
NonL 16    --      1  145  816  11.0420 ==>   7  87   0  /   4   0   0 
NonL 17    --      1    0  816   4.5219 ==>   0  16   0  /  35   4   0 
NonL 18    --      0   44  816  21.1637 ==> 107  29   0  /   0   1   1 
Leaf 19     3    
Leaf 32     1    
Leaf 33     3    
Leaf 34     1    
Leaf 35     3    
Leaf 36     3    
Leaf 37     1    

;Shapelet id   <data>
Shapelet   1   1.368800  1.378900  1.387900  1.395800  1.402600  1.408500  1.413500  1.417500  1.420800  1.423300  1.425000  1.426200  1.426800  1.426900  1.426600  1.425900  1.424900  1.423600  1.422000  1.420300  1.418500  1.416500  1.414400  1.412300  1.410100  1.407800  1.405500  1.403100  1.400600  1.398000  1.395300  1.392400  1.389300  1.385900  1.382300  1.378400  1.374200  1.369600  1.364700  1.359400  1.353800  1.347900  1.341600  1.335100  1.328300  1.321400  1.314400  1.307400  1.300400  1.293500  1.286900  1.280500  1.274600  1.269300  1.264600  1.260800  1.257800  1.255900  1.255100  1.255600  1.257300  1.260500  1.265100  1.271100  1.278600  1.287600  1.298100  1.309900  1.323100  1.337500  1.353200  1.369900  1.387600  1.406100  1.425200  1.444800  1.464700  1.484700  1.504700  1.524400  1.543600  1.562200  1.580000  1.596800  1.612400  1.626700  1.639500  1.650700  1.660200  1.668000  1.673900  1.677900  1.680000  1.680200  1.678400  1.674800  1.669300  1.662100  1.653100  1.642500  1.630400  1.616900  1.602100  1.586300  1.569500  1.551800  1.533500  1.514700  1.495500  1.476100  1.456600  1.437200  1.417900  1.398900  1.380300  1.362300  1.344800  1.328000  1.312000  1.296800  1.282500  1.269100  1.256600  1.245200  1.234700  1.225200  1.216700  1.209300  1.202900  1.197500  1.193100  1.189700  1.187300  1.185800  1.185200  1.185500  1.186700  1.188700  1.191500  1.195100  1.199400  1.204400  1.210100  1.216300  1.223100  1.230400  1.238100  1.246200  1.254600  1.263200  1.272000  1.280900  1.289800  1.298600  1.307200  1.315500  1.323500  1.331100  1.338100  1.344500  1.350100  1.354900  1.358800  1.361800  1.363700  1.364500  1.364200  1.362600  1.359800  1.355700  1.350200  1.343400  1.335300  1.325900  1.315300  1.303400  1.290300  1.276200  1.261100  1.245100  1.228300  1.210900  1.192900  1.174500  1.155800  1.136900  1.117900  1.099000  1.080200  1.061800  1.043900  1.026500  1.009800  0.993900  0.978900  0.964900  0.952000  0.940200  0.929600  0.920200  0.912000  0.905100  0.899500  0.895000  0.891800  0.889700  0.888600  0.888600  0.889500  0.891200  0.893600  0.896700  0.900300  0.904300  0.908700  0.913300  0.918000  0.922600  0.927200  0.931500  0.935600  0.939200  0.942300  0.944900  0.947000  0.948300  0.949000  0.949000  0.948200  0.946700  0.944400  0.941200  0.937200  0.932300  0.926600  0.920100  0.912600  0.904400  0.895300  0.885500  0.874900  0.863600  0.851700  0.839100  0.825900  0.812200  0.797900  0.783100  0.767900  0.752100  0.736000  0.719400  0.702400  0.684900  0.667100  0.648900  0.630300  0.611300  0.591900  0.572100  0.552000  0.531500  0.510700  0.489500  0.468000  0.446200  0.424000  0.401500  0.378600  0.355500  0.332100  0.308400  0.284500  0.260300  0.235900  0.211400  0.186700  0.161700  0.136600  0.111200  0.085600  0.059700  0.033600  0.007200 -0.019500 -0.046500 -0.073800 -0.101400 -0.129300 -0.157600 -0.186100 -0.215000 -0.244200 -0.273700 -0.303400 -0.333400 -0.363600 -0.394000 -0.424600 -0.455300 -0.486100 -0.516900 -0.547700 -0.578500 -0.609100 -0.639600 -0.669800 -0.699700 -0.729300 -0.758300 -0.786900 -0.814800 -0.842000 -0.868400 -0.893900 -0.918500 -0.942100 -0.964600 -0.985800 -1.005800 -1.024400 -1.041600 -1.057200 -1.071300 -1.083800 -1.094700 -1.104100 -1.111800 -1.117900 -1.122600 -1.125700 -1.127300 -1.127600 -1.126500 -1.124200 -1.120600 -1.116000 -1.110300 -1.103600 -1.096100 -1.087800 -1.078900 -1.069400 -1.059600 -1.049300 -1.038900 -1.028500 -1.018100 -1.007800 -0.997900 -0.988400 -0.979400 -0.971100 -0.963500 -0.956800 -0.951000 -0.946200 -0.942500 -0.939900 -0.938500 -0.938200 -0.939300 -0.941600 -0.945100 -0.949900 -0.955900 -0.963000 -0.971300 -0.980600 -0.990900 -1.002100 -1.014100 -1.026800 -1.040100 -1.053800 -1.067900 -1.082300 -1.096900 -1.111500 -1.126000 -1.140200 -1.154200 -1.167700 -1.180600 -1.192800 -1.204100 -1.214600 -1.224000 -1.232300 -1.239400 -1.245100 -1.249500 -1.252500 -1.254000 -1.254000 -1.252500 -1.249500 -1.245000 -1.239000 -1.231600 -1.222800 -1.212600 -1.201100 -1.188300 -1.174300 -1.159200 -1.143100 -1.126000 -1.108100 -1.089600 -1.070500 -1.051000 -1.031100 -1.011100 -0.991100 -0.971200 -0.951600 -0.932400 -0.913700 -0.895700 -0.878500 -0.862200 -0.847000 -0.832900 -0.820100 -0.808700 -0.798700 -0.790300 -0.783500 -0.778300 -0.774800 -0.773100 -0.773200 -0.775100 -0.778700 -0.784000 -0.791000 -0.799700 -0.809900 -0.821700 -0.834900 -0.849400 -0.865200 -0.882100 -0.900100 -0.918900 -0.938600 -0.958900 -0.979800 -1.001000 -1.022500 -1.044100 -1.065800 -1.087300 -1.108600 -1.129500 -1.150000 -1.170000 -1.189300 -1.207900 -1.225700 -1.242800 -1.258900 -1.274200 -1.288500 -1.301800 -1.314200 -1.325600 -1.335900 -1.345200 -1.353600 -1.360900 -1.367200 -1.372500 -1.376900 -1.380300 -1.382700 -1.384300 -1.385000 -1.384900 -1.383900 -1.382200 -1.379700 -1.376600 -1.372800 -1.368400 -1.363500 -1.358000 -1.352000 -1.345600 -1.338800 -1.331700 -1.324400 -1.316800 -1.309100 -1.301300 -1.293400 -1.285500 -1.277700 -1.270000 -1.262600 -1.255300 -1.248400 -1.241700 -1.235500 -1.229700 -1.224400 -1.219700 -1.215500 -1.212000 -1.209100 -1.207000 -1.205600 -1.205000 -1.205200 -1.206200 -1.208000 -1.210500 -1.213700 -1.217700 -1.222400 -1.227700 -1.233700 -1.240200 -1.247300 -1.254800 -1.262800 -1.271200 -1.279800 -1.288700 -1.297800 -1.307100 -1.316500 -1.325900 -1.335200 -1.344500 -1.353700 -1.362700 -1.371500 -1.380100 -1.388300 -1.396200 -1.403800 -1.410900 -1.417500 -1.423700 -1.429400 -1.434600 -1.439300 -1.443300 -1.446800 -1.449700 -1.452000 -1.453700 -1.454700 -1.455200 -1.455000 -1.454300 -1.453000 -1.451100 -1.448600 -1.445700 -1.442100 -1.438100 -1.433500 -1.428300 -1.422600 -1.416400 -1.409600 -1.402800 -1.395800 -1.388300 -1.380400 -1.371700 -1.362300 -1.352000 -1.340800 -1.328600 -1.315300 -1.300900 -1.285500 -1.269000 -1.251500 -1.232900 -1.213400 -1.193000 -1.171700 -1.149800 -1.127200 -1.104100 -1.080700 -1.056900 -1.033000 -1.009200 -0.985500 -0.962000 -0.939100 -0.916700 -0.895100 -0.874500 -0.854900 -0.836600 -0.819600 -0.804100 -0.790300 -0.778300 -0.768200 -0.760100 -0.754100 -0.750300 -0.748700 -0.749400 -0.752300 -0.757600 -0.765200 -0.775100 -0.787200 -0.801500 -0.817900 -0.836300 -0.856500 -0.878500 -0.900800 -0.923200 -0.945500 -0.967500 -0.989000 -1.009900 -1.029900 -1.048900 -1.066700 -1.083300 -1.098500 -1.112200 -1.124300 -1.134800 -1.143600 -1.150700 -1.156100 -1.159800 -1.161800 -1.162100 -1.160800 -1.157900 -1.153500 -1.147700 -1.140700 -1.132500 -1.123200 -1.113100 -1.102200 -1.090700 -1.078700 -1.066400 -1.054000 -1.041600 -1.029300 -1.017300 -1.005800 -0.994800 -0.984400 -0.974900 -0.966200 -0.958500 -0.951800 -0.946200 -0.941700 -0.938400 -0.936200 -0.935000 -0.934700 -0.935200 -0.936400 -0.938000 -0.939800 -0.942200 -0.945100 -0.948500 -0.952300 -0.956400 -0.960800 -0.965300 -0.970000 -0.974700 -0.979300 -0.983700 -0.987800 -0.991600 -0.994900 -0.997600 -0.999600 -1.000900 -1.001300 -1.000700 -0.999200 -0.996500 -0.992700 -0.987700 -0.981300 -0.973700 -0.964700 -0.954300 -0.942500 -0.929300 -0.914700 -0.898800 -0.881400 -0.862800 -0.842800 -0.821700 -0.799400 -0.776100 -0.751900 -0.726900 -0.701200 -0.675000 -0.648300 -0.621300 -0.594200 -0.566900 -0.539700 -0.512700 -0.485900 -0.459500 -0.433600 -0.408300 -0.383600 -0.359600 -0.336300 -0.313800 -0.292100 -0.271200 -0.251200 -0.232000 -0.213600 -0.196100 -0.179200 -0.163100 -0.147600 -0.132700 -0.118300 -0.104400 -0.090900 -0.077700 -0.064800 -0.052100 -0.039500 -0.027000 -0.014500 -0.002000  0.010700  0.023500  0.036500  0.049700  0.063200  0.077000  0.091000  0.105300  0.119800  0.134500  0.149500  0.164500  0.179700  0.194800  0.210000  0.225000  0.239800  0.254400  0.268600  0.282500  0.295900  0.308700  0.320900  0.332400  0.343200  0.353200  0.362400  0.370800  0.378500  0.385200  0.391200  0.396400  0.400700  0.404300  0.407100  0.409200  0.410700  0.411400  0.411600  0.411200  0.410300  0.408900  0.407200  0.405000  0.402600  0.399800  0.396900  0.393800  0.390700  0.387600  0.384500  0.381500  0.378700  0.376100  0.373700  0.371700  0.370000  0.368700  0.367700  0.367100  0.366900  0.367000  0.367600  0.368500  0.369800  0.371400 
Shapelet   2   1.380700  1.380400  1.380000  1.379300  1.378600  1.377700  1.376800  1.375800  1.374800  1.373800  1.372700  1.371700  1.370800  1.369800  1.369000  1.368200  1.367400  1.366800  1.366200  1.365600  1.365100  1.364700  1.364300  1.364000  1.363700  1.363400  1.363200  1.362900  1.362700  1.362400  1.362100  1.361800  1.361500  1.361200  1.360900  1.360500  1.360100  1.359700  1.359300  1.358800  1.358400  1.357900  1.357500  1.357000  1.356600  1.356100  1.355700  1.355200  1.354800  1.354400  1.353900  1.353500  1.353100  1.352600  1.352100  1.351600  1.351000  1.350300  1.349600  1.348700  1.347700  1.346500  1.345100  1.343400  1.341600  1.339400  1.336900  1.334100  1.331000  1.327400  1.323500  1.319100  1.314200  1.309000  1.303200  1.297000  1.290300  1.283200  1.275600  1.267500  1.259100  1.250200  1.241000  1.231600  1.221800  1.211900  1.201800  1.191600  1.181400  1.171300  1.161200  1.151300  1.141700  1.132300  1.123300  1.114800  1.106700  1.099200  1.092200  1.085900  1.080300  1.075300  1.071100  1.067600  1.064900  1.062900  1.061600  1.061000  1.061200  1.061900  1.063300  1.065300  1.067700  1.070600  1.074000  1.077600  1.081500  1.085500  1.089700  1.093800  1.098000  1.102000  1.105800  1.109400  1.112600  1.115400  1.117800  1.119700  1.121100  1.121800  1.121900  1.121400  1.120300  1.118500  1.116100  1.113100  1.109500  1.105300  1.100600  1.095500  1.089800  1.083800  1.077400  1.070600  1.063600  1.056300  1.048800  1.041200  1.033400  1.025600  1.017700  1.009800  1.001900  0.994100  0.986200  0.978500  0.970700  0.963100  0.955400  0.947800  0.940300  0.932700  0.925200  0.917600  0.910000  0.902300  0.894400  0.886500  0.878300  0.870000  0.861400  0.852500  0.843400  0.833900  0.824000  0.813700  0.803000  0.791900  0.780300  0.768300  0.755700  0.742800  0.729400  0.715500  0.701300  0.686700  0.671700  0.656400  0.640800  0.624900  0.608800  0.592400  0.575900  0.559300  0.542600  0.525800  0.509000  0.492200  0.475400  0.458700  0.442000  0.425500  0.409100  0.392900 
Shapelet   4   1.417200  1.422000  1.426200  1.429800  1.432900  1.435300  1.437100  1.438200  1.438700  1.438500  1.437700  1.436300  1.434300  1.431700  1.428600  1.424900  1.420800  1.416300  1.411300  1.406100  1.400500  1.394700  1.388700  1.382500  1.376300  1.370000  1.363800  1.357600  1.351500  1.345600  1.339800  1.334300  1.329000  1.324000  1.319300  1.314900  1.310800  1.307000  1.303600  1.300400  1.297600  1.295100  1.292800  1.290800  1.289000  1.287400  1.286000  1.284600  1.283300  1.282000  1.280700  1.279300  1.277800  1.276200  1.274300  1.272200  1.269800  1.267100  1.264000  1.260400  1.256500  1.252100  1.247200  1.241800  1.236000  1.229600  1.222800  1.215400  1.207600  1.199300  1.190500  1.181300  1.171700  1.161800  1.151600  1.141000  1.130300  1.119300  1.108200  1.097100  1.085800  1.074600  1.063300  1.052200  1.041100  1.030200  1.019500  1.008900  0.998600  0.988600  0.978800  0.969200  0.960000  0.951000  0.942300  0.933800  0.925700  0.917700  0.910100  0.902600  0.895300  0.888300  0.881400  0.874600  0.868000  0.861400  0.854900  0.848400  0.842000  0.835400  0.828800  0.822100  0.815300  0.808300  0.801200  0.793900  0.786300  0.778500  0.770400  0.762000  0.753300  0.744300  0.734900  0.725300  0.715200  0.704900  0.694100  0.683000  0.671500  0.659600  0.647400  0.634800  0.621800  0.608400  0.594700  0.580600  0.566100  0.551400  0.536200  0.520800  0.505100  0.489100  0.472900  0.456400  0.439600  0.422500  0.405300  0.388000  0.370600  0.353300  0.336000  0.318900  0.302000  0.285400  0.268900  0.252800  0.237000  0.221500  0.206400  0.191700  0.177300  0.163300  0.149700  0.136500  0.123600  0.111100  0.099000  0.087200  0.075600  0.064300  0.053300  0.042400  0.031800  0.021200  0.010800  0.000300 -0.010100 -0.020500 -0.031100 -0.041700 -0.052600 -0.063600 -0.074900 -0.086400 -0.098300 -0.110500 -0.123100 -0.136000 -0.149400 -0.163100 -0.177300 -0.191900 -0.206800 -0.222200 -0.238000 -0.254100 -0.270600 -0.287000 -0.303400 -0.319700 -0.335900 -0.352100 -0.368100 -0.383900 
Shapelet   8   0.185800  0.192500  0.199400  0.206500  0.213900  0.221600  0.229500  0.237700  0.246200  0.254900  0.263800  0.272900  0.282300  0.291800  0.301600  0.311400  0.321400  0.331500  0.341700  0.351900  0.362100  0.372300  0.382400  0.392500  0.402500  0.412400  0.422200  0.431800  0.441200  0.450400  0.459400  0.468200  0.476800  0.485200  0.493300  0.501200  0.508900  0.516300  0.523600  0.530700  0.537500  0.544200  0.550800  0.557200  0.563600  0.569800  0.576000  0.582200  0.588300  0.594400  0.600600  0.606700  0.612900  0.619200  0.625600  0.632000  0.638500  0.645000  0.651700  0.658400  0.665200  0.672000  0.678900  0.685900  0.692900  0.699900  0.707000  0.714000  0.720900  0.727900  0.734700  0.741500  0.748100  0.754600  0.761000  0.767200  0.773200  0.779000  0.784500  0.789900  0.795000  0.799900  0.804500  0.808900  0.813000  0.816900  0.820500  0.823800  0.827000  0.829900  0.832600  0.835100  0.837500  0.839700  0.841700  0.843600  0.845400  0.847100  0.848800  0.850400  0.852000  0.853600  0.855200  0.856900  0.858600  0.860400  0.862400  0.864400  0.866500  0.868900  0.871300  0.874000  0.876900  0.879900  0.883200  0.886700  0.890500  0.894500  0.898700  0.903100  0.907800  0.912800  0.918000  0.923400  0.929100  0.935000  0.941100  0.947400  0.954000  0.960700  0.967700  0.974800  0.982100  0.989600  0.997200  1.004900  1.012800  1.020700  1.028800  1.037000  1.045200  1.053500  1.061800  1.070200  1.078600  1.087000  1.095400  1.103800  1.112200  1.120600  1.129000  1.137300  1.145600  1.153800  1.162000  1.170200  1.178300  1.186400  1.194500  1.202500  1.210500  1.218400  1.226200  1.233900  1.241600  1.249000  1.256400  1.263700  1.270800  1.277700  1.284600  1.291300  1.297900  1.304300  1.310600  1.316800  1.322900  1.328900  1.334700  1.340400  1.346000  1.351600  1.357000  1.362300  1.367500  1.372600  1.377700  1.382700  1.387600  1.392400  1.397200  1.401800  1.406500  1.411000  1.415500  1.419900  1.424200  1.428500  1.432700  1.436800  1.440800  1.444800  1.448700  1.452500 
Shapelet   9   1.533100  1.510600  1.488100  1.465500  1.443200  1.421200  1.399800  1.379100  1.359300  1.340600  1.323000  1.306700  1.291800  1.278500  1.266800  1.256700  1.248400  1.241700  1.236900  1.233800  1.232400  1.232800  1.234800  1.238500  1.243800  1.250500  1.258700  1.268100  1.278800  1.290500  1.303200  1.316800  1.330900  1.345700  1.360800  1.376100  1.391500  1.406900  1.422000  1.436700  1.450900  1.464400  1.477200  1.489000  1.499800  1.509500  1.517900  1.524900  1.530500  1.534600  1.537100  1.538100  1.537400  1.535100  1.531200  1.525700  1.518700  1.510100  1.500000  1.488600  1.475900  1.461900  1.446900  1.430900  1.414000  1.396300  1.378000  1.359200  1.340100  1.320600  1.301100  1.281700  1.262400  1.243300  1.224700  1.206600  1.189100  1.172300  1.156200  1.140900  1.126400  1.112800  1.100000  1.088100  1.077000  1.066600  1.056900  1.047800  1.039200  1.031000  1.023200  1.015500  1.008000  1.000300  0.992500  0.984400  0.975900  0.966700  0.956900  0.946300  0.934800  0.922400  0.909000  0.894600  0.879100  0.862600  0.844900  0.826200  0.806500  0.785900  0.764400  0.742200  0.719400  0.696100  0.672400  0.648500  0.624500  0.600700  0.577100  0.553900  0.531400  0.509600  0.488700  0.468800  0.450100  0.432600  0.416600  0.402000  0.388900  0.377300  0.367400  0.359100  0.352400  0.347400  0.343800  0.341800  0.341200  0.342000  0.344000  0.347200  0.351400  0.356600  0.362500  0.369000  0.376100  0.383400  0.391000  0.398600  0.406100  0.413300  0.420100  0.426400  0.432100  0.437000  0.441000  0.444100  0.446100  0.447000  0.446600  0.445100  0.442200  0.437900  0.432400  0.425400  0.417100  0.407400  0.396300  0.384000  0.370300  0.355300  0.339100  0.321700  0.303200  0.283600  0.262900  0.241200  0.218600  0.195200  0.171000  0.146000  0.120300  0.094000  0.067200  0.039900  0.012200 -0.015800 -0.044200 -0.072700 -0.101400 -0.130200 -0.159000 -0.187700 -0.216400 -0.244900 -0.273100 -0.301100 -0.328700 -0.356000 -0.382800 -0.409200 -0.435000 -0.460100 -0.484700 -0.508600 
Shapelet  16   1.245200  1.259400  1.273500  1.287200  1.300600  1.313300  1.325400  1.336800  1.347300  1.356800  1.365300  1.372600  1.378800  1.383700  1.387400  1.389700  1.390600  1.390300  1.388600  1.385600  1.381400  1.376000  1.369400  1.361800  1.353200  1.343600  1.333300  1.322100  1.310400  1.298100  1.285400  1.272300  1.259000  1.245600  1.232100  1.218600  1.205200  1.192000  1.179100  1.166500  1.154200  1.142300  1.130900  1.120000  1.109600  1.099700  1.090400  1.081700  1.073500  1.065900  1.059000  1.052600  1.046900  1.041800  1.037300  1.033500  1.030300  1.027800  1.025900  1.024800  1.024300  1.024600  1.025700  1.027500  1.030200  1.033600  1.037900  1.043100  1.049200  1.056200  1.064200  1.073100  1.083000  1.093800  1.105600  1.118400  1.132100  1.146700  1.162100  1.178400  1.195500  1.213300  1.231800  1.250800  1.270400  1.290300  1.310600  1.331100  1.351700  1.372400  1.392900  1.413300  1.433400  1.453100  1.472400  1.491100  1.509100  1.526500  1.543000  1.558800  1.573600  1.587500  1.600400  1.612400  1.623300  1.633200  1.642100  1.649900  1.656800  1.662600  1.667500  1.671500  1.674500  1.676700  1.678000  1.678500  1.678400  1.677500  1.675900  1.673800  1.671100  1.667900  1.664300  1.660200  1.655800  1.651000  1.646000  1.640700  1.635100  1.629400  1.623500  1.617400  1.611200  1.604900  1.598500  1.592000  1.585400  1.578800  1.572100  1.565400  1.558700  1.552000  1.545500  1.539000  1.532700  1.526500  1.520300  1.514000  1.507700  1.501300  1.494800  1.488200  1.481600  1.474800  1.468000  1.461200  1.454400  1.447600  1.440800  1.434200  1.427600  1.421100  1.414800  1.408800  1.402900  1.397300  1.392000  1.386900  1.382200  1.377900  1.373900  1.370300  1.367000  1.364200  1.361800  1.359800  1.358200  1.357000  1.356300  1.355900  1.355900  1.356400  1.357100  1.358200  1.359700  1.361400  1.363300  1.365500  1.367800  1.370300  1.372800  1.375400  1.377900  1.380400  1.382500  1.384100  1.384900  1.384900  1.383900  1.381900  1.379000  1.375000  1.370100  1.364100  1.357200  1.349300  1.340500  1.330800  1.320300  1.309000  1.296900  1.284100  1.270800  1.256800  1.242400  1.227700  1.212500  1.197200  1.181700  1.166100  1.150600  1.135100  1.119800  1.104700  1.089900  1.075500  1.061600  1.048100  1.035300  1.023100  1.011500  1.000600  0.990400  0.981000  0.972300  0.964300  0.957000  0.950400  0.944500  0.939200  0.934400  0.930100  0.926200  0.922600  0.919200  0.915900  0.912600  0.909100  0.905500  0.901800  0.898000  0.893900  0.889600  0.885000  0.880100  0.874700  0.868900  0.862600  0.855800  0.848400  0.840500  0.831900  0.822600  0.812700  0.802100  0.790800  0.778700  0.766000  0.752600  0.738500  0.723700  0.708300  0.692200  0.675500  0.658300  0.640500  0.622200  0.603500  0.584400  0.565000  0.545300  0.525300  0.505200  0.484900  0.464500  0.444100  0.423700  0.403300  0.383000  0.362800  0.342700  0.322700  0.302900  0.283400  0.264000  0.244900  0.225900  0.207200  0.188800  0.170500  0.152400  0.134500  0.116800  0.099200  0.081700  0.064300  0.046900  0.029700  0.012400 -0.004800 -0.022000 -0.039200 -0.056500 -0.073700 -0.091000 -0.108300 -0.125500 -0.142800 -0.159900 -0.177100 -0.194100 -0.211000 -0.227700 -0.244200 -0.260400 -0.276400 -0.292000 -0.307200 -0.321900 -0.336200 -0.350000 -0.363200 -0.375800 -0.387800 -0.399200 -0.410000 -0.420100 -0.429700 -0.438600 -0.446900 -0.454600 -0.461800 -0.468500 -0.474600 -0.480300 -0.485600 -0.490600 -0.495200 -0.499600 -0.503900 -0.508100 -0.512200 -0.516400 -0.520800 -0.525200 -0.530000 -0.535000 -0.540300 -0.546000 -0.552200 -0.558800 -0.565900 -0.573400 -0.581500 -0.590100 -0.599200 -0.608800 -0.618900 -0.629400 -0.640300 -0.651500 -0.663100 -0.674900 -0.687000 -0.699200 -0.711400 -0.723700 -0.735900 -0.748000 -0.759900 -0.771600 -0.782900 -0.793900 -0.804500 -0.814600 -0.824200 -0.833300 -0.841800 -0.849700 -0.857000 -0.863700 -0.869800 -0.875300 -0.880100 -0.884400 -0.888100 -0.891300 -0.894000 -0.896300 -0.898200 -0.899800 -0.901100 -0.902200 -0.903100 -0.904000 -0.904900 -0.905800 -0.906700 -0.907900 -0.909300 -0.910900 -0.912800 -0.915100 -0.917800 -0.920900 -0.924500 -0.928500 -0.933100 -0.938100 -0.943600 -0.949600 -0.956100 -0.963100 -0.970500 -0.978400 -0.986600 -0.995100 -1.004000 -1.013100 -1.022500 -1.032000 -1.041600 -1.051300 -1.061000 -1.070600 -1.080200 -1.089600 -1.098900 -1.107900 -1.116600 -1.125100 -1.133200 -1.141000 -1.148400 -1.155300 -1.161900 -1.168100 -1.173800 -1.179100 -1.184000 -1.188500 -1.192700 -1.196500 -1.199900 -1.203000 -1.205800 -1.208400 -1.210700 -1.212900 -1.214900 -1.216800 -1.218600 -1.220300 -1.222000 -1.223800 -1.225600 -1.227500 -1.229400 -1.231500 -1.233800 -1.236200 -1.238800 -1.241600 -1.244600 -1.247900 -1.251300 -1.254900 -1.258700 -1.262600 -1.266800 -1.271000 -1.275500 -1.280000 -1.284600 -1.289300 -1.294000 -1.298700 -1.303400 -1.308100 -1.312800 -1.317300 -1.321800 -1.326200 -1.330500 -1.334700 -1.338700 -1.342600 -1.346300 -1.350000 -1.353400 -1.356800 -1.360100 -1.363200 -1.366200 -1.369100 -1.372000 -1.374700 -1.377400 -1.380100 -1.382800 -1.385500 -1.388200 -1.390900 -1.393600 -1.396500 -1.399300 -1.402300 -1.405400 -1.408500 -1.411700 -1.415000 -1.418400 -1.421900 -1.425400 -1.429000 -1.432600 -1.436200 -1.439800 -1.443400 -1.446900 -1.450300 -1.453700 -1.456900 -1.459900 -1.462700 -1.465400 -1.467700 -1.469800 -1.471700 -1.473200 -1.474400 -1.475200 -1.475700 -1.475800 -1.475500 -1.474900 -1.473900 -1.472600 -1.470900 -1.468900 -1.466600 -1.464000 -1.461000 -1.457900 -1.454500 -1.450900 -1.447200 -1.443300 -1.439400 -1.435400 -1.431300 -1.427300 -1.423400 -1.419500 -1.415700 -1.412100 -1.408600 -1.405400 -1.402300 -1.399500 -1.396900 -1.394600 -1.392500 -1.390600 -1.389000 -1.387600 -1.386400 -1.385300 -1.384400 -1.383700 -1.383000 -1.382300 -1.381600 -1.380900 -1.380000 -1.379100 -1.377900 -1.376500 -1.374700 -1.372700 -1.370200 -1.367400 -1.364100 -1.360300 -1.356000 -1.351200 -1.345800 -1.339900 -1.333500 -1.326500 -1.319000 -1.311000 -1.302500 -1.293600 -1.284200 -1.274500 -1.264500 -1.254200 -1.243600 -1.232900 -1.222100 -1.211200 -1.200300 -1.189500 -1.178800 -1.168300 -1.158000 -1.147900 -1.138200 -1.128800 -1.119900 -1.111300 -1.103200 -1.095600 -1.088400 -1.081700 -1.075500 -1.069900 -1.064600 -1.059900 -1.055600 -1.051700 -1.048200 -1.045000 -1.042200 -1.039600 -1.037300 -1.035200 -1.033300 -1.031400 -1.029700 -1.028100 -1.026400 -1.024700 -1.023000 -1.021100 -1.019200 -1.017100 -1.014800 -1.012400 -1.009800 -1.007000 -1.003900 -1.000700 -0.997200 -0.993400 -0.989400 -0.985200 -0.980700 -0.976000 -0.971000 -0.965900 -0.960500 -0.954800 -0.949000 -0.943000 -0.936900 -0.930500 -0.924000 -0.917400 -0.910700 -0.903900 -0.897100 -0.890200 -0.883300 -0.876500 -0.869700 -0.862900 -0.856300 -0.849700 -0.843400 -0.837200 -0.831200 -0.825500 -0.820000 -0.814700 -0.809700 -0.805100 -0.800700 -0.796600 -0.792800 -0.789200 -0.786000 -0.782900 -0.780100 -0.777400 -0.774900 -0.772600 -0.770300 -0.768100 -0.765900 -0.763700 -0.761400 -0.759000 -0.756400 -0.753700 -0.750700 -0.747400 -0.743700 -0.739800 -0.735400 -0.730600 -0.725400 -0.719800 -0.713700 -0.707200 -0.700200 -0.692700 -0.684800 -0.676500 -0.667800 -0.658700 -0.649400 -0.639700 -0.629800 -0.619700 -0.609400 -0.599000 -0.588600 -0.578200 -0.567900 -0.557600 -0.547400 -0.537500 -0.527700 -0.518100 -0.508800 -0.499800 -0.491000 -0.482500 -0.474300 -0.466300 -0.458500 -0.451000 -0.443700 -0.436600 -0.429700 -0.422900 -0.416300 -0.409800 -0.403400 -0.397100 -0.390800 -0.384500 -0.378200 -0.372000 -0.365700 -0.359400 -0.353000 -0.346700 -0.340300 -0.333900 -0.327500 -0.321100 -0.314700 -0.308400 -0.302100 -0.295900 -0.289900 -0.284000 -0.278200 -0.272600 -0.267300 -0.262200 -0.257300 -0.252700 -0.248400 -0.244400 -0.240700 -0.237300 -0.234200 -0.231300 -0.228800 -0.226600 -0.224600 -0.222800 -0.221200 -0.219800 -0.218600 -0.217400 -0.216300 -0.215300 -0.214300 -0.213200 -0.212000 -0.210800 -0.209400 -0.207900 -0.206200 -0.204200 -0.202100 -0.199600 -0.196800 -0.193800 -0.190400 -0.186700 -0.182700 -0.178400 -0.173700 -0.168700 -0.163500 -0.157900 -0.152100 -0.145900 -0.139600 -0.133000 
Shapelet  17   0.569100  0.572300  0.575100  0.577700  0.580000  0.582100  0.583800  0.585400  0.586700  0.587900  0.588900  0.589700  0.590300  0.590900  0.591300  0.591600  0.591800  0.592000  0.592100  0.592200  0.592200  0.592300  0.592400  0.592500  0.592600  0.592900  0.593200  0.593600  0.594200  0.595000  0.595900  0.597000  0.598300  0.599900  0.601700  0.603700  0.606100  0.608700  0.611600  0.614800  0.618400  0.622200  0.626400  0.630800  0.635600  0.640700  0.646100  0.651700  0.657700  0.663900  0.670400  0.677100  0.684100  0.691300  0.698800  0.706400  0.714200  0.722300  0.730400  0.738800  0.747300  0.755900  0.764600  0.773500  0.782400  0.791500  0.800600  0.809800  0.819200  0.828600  0.838100  0.847700  0.857500  0.867400  0.877300  0.887500  0.897800  0.908200  0.918700  0.929500  0.940400  0.951400  0.962700  0.974100  0.985600  0.997300  1.009200  1.021300  1.033400  1.045700  1.058000  1.070500  1.082900  1.095400  1.107900  1.120300  1.132600  1.144800  1.156800  1.168700  1.180300  1.191700  1.202800  1.213600  1.224000  1.234000  1.243500  1.252600  1.261100  1.269200  1.276700  1.283700  1.290100  1.295900  1.301100  1.305800  1.309900  1.313400  1.316400  1.318900  1.320800  1.322200  1.323200  1.323700  1.323800  1.323500  1.322800  1.321800  1.320500  1.319000  1.317200  1.315200  1.313100  1.310900  1.308700  1.306400  1.304100  1.301800  1.299600  1.297400  1.295400  1.293500  1.291700  1.290100  1.288700  1.287500  1.286400  1.285500  1.284800  1.284400  1.284000  1.283900  1.283900  1.284100  1.284300  1.284700  1.285200  1.285700  1.286300  1.287000  1.287600  1.288300  1.288900  1.289600  1.290200  1.290800  1.291300  1.291700  1.292100  1.292500  1.292700  1.292900  1.293000  1.293000  1.293000  1.293000  1.292900  1.292900  1.292800  1.292800  1.292900  1.293000  1.293200  1.293500  1.293900  1.294500  1.295200  1.296100  1.297200  1.298400  1.299800  1.301500  1.303300  1.305200  1.307400  1.309700  1.312200  1.314700  1.317400  1.320200  1.323100  1.326000  1.328900  1.331900  1.334800  1.337600  1.340400  1.343000  1.345600  1.348000  1.350200  1.352300  1.354100  1.355800  1.357200  1.358400  1.359400  1.360100  1.360500  1.360700  1.360700  1.360500  1.360100  1.359500  1.358700  1.357800  1.356800  1.355700  1.354500  1.353200  1.352000  1.350700  1.349400  1.348200  1.347000  1.345800  1.344800  1.343800  1.342900  1.342100  1.341400  1.340800  1.340300  1.339900  1.339600  1.339300  1.339200  1.339100  1.339100  1.339200  1.339300  1.339400  1.339600  1.339800  1.340000  1.340200  1.340500  1.340600  1.340800  1.340900  1.341000  1.341000  1.340900  1.340700  1.340500  1.340100  1.339600  1.339000  1.338300  1.337400  1.336400  1.335200  1.333900  1.332400  1.330700  1.328900  1.326800  1.324600  1.322200  1.319500  1.316600  1.313500  1.310200  1.306600  1.302700  1.298600  1.294300  1.289600  1.284700  1.279600  1.274200  1.268500  1.262600  1.256400  1.249900  1.243300  1.236400  1.229300  1.221900  1.214400  1.206800  1.199000  1.191000  1.182900  1.174800  1.166500  1.158200  1.149800  1.141400  1.133000  1.124600  1.116300  1.107900  1.099600  1.091400  1.083200  1.075100  1.067100  1.059200  1.051400  1.043700  1.036100  1.028600  1.021200  1.014000  1.006900  1.000000  0.993200  0.986500  0.980100  0.973700  0.967600  0.961600  0.955700  0.950100  0.944600  0.939200  0.934000  0.929000  0.924200  0.919500  0.915000  0.910600  0.906300  0.902200  0.898200  0.894400  0.890600  0.886900  0.883300  0.879800  0.876300  0.872800  0.869300  0.865800  0.862300  0.858700  0.855000  0.851200  0.847200  0.843100  0.838900  0.834400  0.829600  0.824700  0.819400  0.813900  0.808100  0.801900  0.795500  0.788700  0.781600  0.774200  0.766500  0.758500  0.750200  0.741600  0.732900  0.723900  0.714700  0.705300  0.695700  0.686100  0.676300  0.666400  0.656500  0.646500  0.636600  0.626700  0.616800  0.607000  0.597300  0.587800  0.578400  0.569100  0.560000  0.551000  0.542200  0.533600  0.525100  0.516800  0.508700  0.500700  0.492800  0.485000  0.477300  0.469600  0.462000  0.454300  0.446700  0.438900  0.431100  0.423200  0.415100  0.406900  0.398600  0.390000  0.381200  0.372200  0.362900  0.353500  0.343800  0.333800  0.323700  0.313300  0.302700  0.292000  0.281100  0.270000  0.258900  0.247600  0.236300  0.224900  0.213500  0.202200  0.190900  0.179800  0.168700  0.157800  0.147100  0.136700  0.126500  0.116500  0.106900  0.097500  0.088500  0.079800  0.071500  0.063400  0.055800  0.048400  0.041400  0.034600  0.028200  0.022000  0.016000  0.010300  0.004800 -0.000500 -0.005700 -0.010800 -0.015800 -0.020700 -0.025500 -0.030400 -0.035200 -0.040100 -0.045100 -0.050100 -0.055300 -0.060600 -0.066000 -0.071500 -0.077300 -0.083200 -0.089300 -0.095600 -0.102100 -0.108800 -0.115700 -0.122800 -0.130100 -0.137600 -0.145300 -0.153200 -0.161300 -0.169500 -0.177900 -0.186400 -0.195100 -0.203900 -0.212800 -0.221800 -0.230900 -0.240100 -0.249400 -0.258800 -0.268300 -0.277900 -0.287500 -0.297200 -0.307000 -0.316900 -0.326800 -0.336800 -0.346900 -0.357000 -0.367200 -0.377400 -0.387700 -0.398100 -0.408600 -0.419100 -0.429800 -0.440500 -0.451400 -0.462400 -0.473500 -0.484800 -0.496200 -0.507700 -0.519500 -0.531400 -0.543500 -0.555800 -0.568200 -0.580900 -0.593800 -0.606800 -0.620000 -0.633400 -0.646900 -0.660600 -0.674300 -0.688200 -0.702100 -0.716100 -0.730100 -0.744200 -0.758200 -0.772100 -0.786000 -0.799800 -0.813400 -0.826900 -0.840200 -0.853300 -0.866200 -0.878800 -0.891100 -0.903100 -0.914700 -0.926000 -0.936900 -0.947400 -0.957500 -0.967100 -0.976400 -0.985100 -0.993500 -1.001400 -1.008900 -1.016000 -1.022800 -1.029200 -1.035200 -1.041000 -1.046500 -1.051700 -1.056600 -1.061400 -1.066000 -1.070400 -1.074700 -1.078900 -1.083000 -1.087100 -1.091100 -1.095100 -1.099100 -1.103100 -1.107100 -1.111200 -1.115300 -1.119500 -1.123700 -1.128000 -1.132400 -1.136800 -1.141300 -1.145900 -1.150600 -1.155300 -1.160100 -1.164900 -1.169700 -1.174600 -1.179600 -1.184600 -1.189600 -1.194600 -1.199600 -1.204600 -1.209600 -1.214700 -1.219700 -1.224700 -1.229700 -1.234700 -1.239600 -1.244600 -1.249600 -1.254600 -1.259600 -1.264600 -1.269600 -1.274700 -1.279700 -1.284800 -1.289800 -1.294900 -1.300000 -1.305100 -1.310300 -1.315400 -1.320500 -1.325600 -1.330700 -1.335700 -1.340800 -1.345800 -1.350700 -1.355600 -1.360400 -1.365200 -1.369800 -1.374300 -1.378700 -1.383000 -1.387200 -1.391200 -1.395000 -1.398800 -1.402300 -1.405700 -1.408900 -1.412000 -1.414900 -1.417700 -1.420300 -1.422800 -1.425200 -1.427400 -1.429500 -1.431600 -1.433500 -1.435300 -1.437000 -1.438700 -1.440300 -1.441800 -1.443300 -1.444900 -1.446400 -1.447900 -1.449500 -1.451000 -1.452700 -1.454400 -1.456100 -1.458000 -1.459900 -1.461900 -1.464000 -1.466300 -1.468600 -1.471000 -1.473500 -1.476100 -1.478800 -1.481600 -1.484400 -1.487300 -1.490300 -1.493400 -1.496400 -1.499600 -1.502700 -1.505800 -1.508900 -1.512000 -1.515000 -1.518000 -1.520900 -1.523800 -1.526500 -1.529200 -1.531700 -1.534100 -1.536400 -1.538500 -1.540400 -1.542200 -1.543800 -1.545200 -1.546400 -1.547400 -1.548200 -1.548800 -1.549300 -1.549500 -1.549500 -1.549300 -1.548900 -1.548400 -1.547600 -1.546700 -1.545500 -1.544200 -1.542700 -1.541000 -1.539200 -1.537200 -1.535000 -1.532700 -1.530100 -1.527400 -1.524600 -1.521500 -1.518300 -1.514800 -1.511200 -1.507400 -1.503400 -1.499200 -1.494800 -1.490200 -1.485300 -1.480100 -1.474700 -1.469100 -1.463100 -1.456800 -1.450300 -1.443400 -1.436200 -1.428700 -1.420900 -1.412700 -1.404200 -1.395500 -1.386400 -1.377100 -1.367500 -1.357700 -1.347700 -1.337500 -1.327100 -1.316600 -1.305900 -1.295200 -1.284400 -1.273600 -1.262800 -1.252000 -1.241400 -1.230800 -1.220500 -1.210300 -1.200400 -1.190700 -1.181300 -1.172300 -1.163600 -1.155300 -1.147500 -1.140100 -1.133100 -1.126700 -1.120800 -1.115400 -1.110500 -1.106200 -1.102500 -1.099300 -1.096600 -1.094400 -1.092700 -1.091500 -1.090800 -1.090400 -1.090400 -1.090800 -1.091500 -1.092500 -1.093700 -1.095100 -1.096800 -1.098600 -1.100400 -1.102400 -1.104400 -1.106400 -1.108400 -1.110300 -1.112000 -1.113600 -1.115100 -1.116300 -1.117300 -1.117900 -1.118300 -1.118300 -1.118000 -1.117300 -1.116200 
Shapelet  18   1.393900  1.387100  1.377900  1.366400  1.352700  1.337000  1.319400  1.300100  1.279200  1.256900  1.233400  1.208900  1.183600  1.157700  1.131300  1.104800  1.078100  1.051700  1.025600  1.000000  0.975100  0.951100  0.928000  0.906200  0.885700  0.866500  0.848900  0.833000  0.818700  0.806100  0.795300  0.786300  0.779100  0.773600  0.769800  0.767700  0.767200  0.768300  0.770800  0.774600  0.779600  0.785700  0.792800  0.800800  0.809500  0.818900  0.828700  0.838900  0.849400  0.859900  0.870500  0.881000  0.891300  0.901400  0.911100  0.920400  0.929200  0.937600  0.945500  0.952800  0.959600  0.965800  0.971400  0.976400  0.980900  0.984900  0.988400  0.991500  0.994200  0.996500  0.998600  1.000500  1.002300  1.004000  1.005700  1.007400  1.009300  1.011400  1.013700  1.016200  1.019100  1.022300  1.025900  1.029900  1.034300  1.039300  1.044600  1.050500  1.056800  1.063600  1.070900  1.078600  1.086700  1.095200  1.104100  1.113400  1.123000  1.133000  1.143300  1.153800  1.164600  1.175600  1.186900  1.198200  1.209800  1.221400  1.233100  1.244900  1.256700  1.268500  1.280200  1.291900  1.303500  1.314900  1.326200  1.337200  1.348100  1.358600  1.368900  1.378800  1.388400  1.397600  1.406400  1.414700  1.422500  1.429900  1.436700  1.443000  1.448700  1.453700  1.458200  1.462000  1.465200  1.467700  1.469500  1.470700  1.471200  1.471100  1.470200  1.468700  1.466500  1.463600  1.460000  1.455800  1.450800  1.445300  1.439200  1.432500  1.425200  1.417400  1.409100  1.400300  1.390900  1.381200  1.370900  1.360300  1.349300  1.337900  1.326200  1.314200  1.301900  1.289500  1.276800  1.264100  1.251200  1.238400  1.225700  1.213100  1.200800  1.188700  1.177100  1.166000  1.155400  1.145600  1.136500  1.128200  1.120900  1.114700  1.109500  1.105500  1.102800  1.101400  1.101400  1.102700  1.105600  1.109900  1.115600  1.122900  1.131500  1.141400  1.152700  1.165100  1.178600  1.193000  1.208400  1.224500  1.241300  1.258500  1.276000  1.293600  1.311000  1.328100  1.344600  1.360500  1.375300  1.389100  1.401600  1.412600  1.422000  1.429600  1.435400  1.439100  1.440800  1.440500  1.437900  1.433300  1.426500  1.417600  1.406700  1.394000  1.379400  1.363100  1.345300  1.326200  1.305900  1.284600  1.262500  1.239900  1.216900  1.193800  1.170900  1.148200  1.126100  1.104800  1.084400  1.065200  1.047300  1.030800  1.015900  1.002800  0.991400  0.981800  0.974300  0.968700  0.965000  0.963400  0.963700  0.965900  0.969800  0.975400  0.982600  0.991100  1.000800  1.011700  1.023400  1.036000  1.049100  1.062700  1.076500  1.090400  1.104300  1.117900  1.131100  1.143900  1.155900  1.167300  1.177800  1.187300  1.195900  1.203300  1.209700  1.214900  1.218900  1.221800  1.223400  1.223900  1.223300  1.221500  1.218700  1.214800  1.210000  1.204200  1.197600  1.190200  1.182000  1.173200  1.163800  1.153800  1.143300  1.132400  1.121000  1.109300  1.097300  1.085000  1.072400  1.059600  1.046600  1.033300  1.019800  1.006200  0.992300  0.978200  0.963900  0.949300  0.934600  0.919700  0.904600  0.889300  0.873800  0.858100  0.842200  0.826200  0.810000  0.793700  0.777300  0.760800  0.744300  0.727800  0.711400  0.695000  0.678800  0.662700  0.646900  0.631400  0.616100  0.601200  0.586800  0.572700  0.559200  0.546200  0.533800  0.522000  0.510900  0.500400  0.490500  0.481300  0.472800  0.465000  0.457900  0.451400  0.445500  0.440200  0.435500  0.431200  0.427500  0.424200  0.421300  0.418700  0.416400  0.414400  0.412500  0.410700  0.408900  0.407100  0.405300  0.403400  0.401300  0.399000  0.396500  0.393700  0.390600  0.387200  0.383500  0.379400  0.374900  0.370100  0.364800  0.359200  0.353100  0.346600  0.339700  0.332500  0.324900  0.316900  0.308600  0.299900  0.290800  0.281400  0.271700  0.261600  0.251100  0.240200  0.228800  0.217100  0.204800  0.192100  0.178900  0.165100  0.150800  0.135800  0.120300  0.104000  0.087200  0.069600  0.051400  0.032500  0.013000 -0.007200 -0.028100 -0.049600 -0.071700 -0.094400 -0.117500 -0.141100 -0.165100 -0.189300 -0.213900 -0.238500 -0.263300 -0.288000 -0.312600 -0.337000 -0.361100 -0.384800 -0.408100 -0.430800 -0.452800 -0.474200 -0.494700 -0.514400 -0.533200 -0.551000 -0.567700 -0.583400 -0.598000 -0.611700 -0.624300 -0.635900 -0.646600 -0.656400 -0.665400 -0.673500 -0.681000 -0.687800 -0.694100 -0.699900 -0.705200 -0.710300 -0.715100 -0.719700 -0.724200 -0.728700 -0.733200 -0.737800 -0.742500 -0.747400 -0.752500 -0.757900 -0.763500 -0.769500 -0.775700 -0.782300 -0.789200 -0.796300 -0.803700 -0.811400 -0.819300 -0.827300 -0.835600 -0.844000 -0.852500 -0.861000 -0.869600 -0.878200 -0.886700 -0.895100 -0.903300 -0.911400 -0.919300 -0.927000 -0.934400 -0.941500 -0.948300 -0.954900 -0.961100 -0.966900 -0.972500 -0.977700 -0.982600 -0.987100 -0.991200 -0.995000 -0.998400 -1.001400 -1.004100 -1.006300 -1.008100 -1.009600 -1.010600 -1.011200 -1.011400 -1.011200 -1.010600 -1.009600 -1.008200 -1.006400 -1.004200 -1.001600 -0.998600 -0.995300 -0.991700 -0.987800 -0.983600 -0.979200 -0.974500 -0.969600 -0.964600 -0.959500 -0.954400 -0.949300 -0.944200 -0.939200 -0.934400 -0.929700 -0.925400 -0.921300 -0.917600 -0.914200 -0.911300 -0.908900 -0.907000 -0.905600 -0.904700 -0.904500 -0.904800 -0.905600 -0.907100 -0.909100 -0.911700 -0.914900 -0.918600 -0.922900 -0.927600 -0.932800 -0.938500 -0.944700 -0.951200 -0.958100 -0.965300 -0.972900 -0.980700 -0.988700 -0.997000 -1.005400 -1.014100 -1.022800 -1.031800 -1.040800 -1.049900 -1.059200 -1.068600 -1.078100 -1.087700 -1.097500 -1.107400 -1.117400 -1.127600 -1.138000 -1.148700 -1.159500 -1.170600 -1.181900 -1.193500 -1.205400 -1.217500 -1.229900 -1.242500 -1.255300 -1.268300 -1.281500 -1.294700 -1.308100 -1.321600 -1.335000 -1.348400 -1.361700 -1.374800 -1.387800 -1.400400 -1.412800 -1.424700 -1.436200 -1.447200 -1.457600 -1.467400 -1.476500 -1.484800 -1.492300 -1.499000 -1.504900 -1.509800 -1.513700 -1.516800 -1.518900 -1.520100 -1.520400 -1.519800 -1.518300 -1.516100 -1.513100 -1.509400 -1.505000 -1.500100 -1.494500 -1.488500 -1.482100 -1.475400 -1.468400 -1.461200 -1.453900 -1.446400 -1.439000 -1.431600 -1.424200 -1.416900 -1.409800 -1.402800 -1.395900 -1.389300 -1.382800 -1.376600 -1.370600 -1.364800 -1.359300 -1.353900 -1.348800 -1.343800 -1.339000 -1.334300 -1.329800 -1.325400 -1.321100 -1.316900 -1.312700 -1.308600 -1.304600 -1.300700 -1.296800 -1.293000 -1.289300 -1.285800 -1.282400 -1.279200 -1.276300 -1.273600 -1.271200 -1.269300 -1.267700 -1.266600 -1.266100 -1.266100 -1.266700 -1.267900 -1.269800 -1.272400 -1.275700 -1.279900 -1.284800 -1.290600 -1.297100 -1.304500 -1.312600 -1.321500 -1.331100 -1.341500 -1.352400 -1.363900 -1.376000 -1.388500 -1.401400 -1.414700 -1.428200 -1.441900 -1.455700 -1.469500 -1.483200 -1.496800 -1.510100 -1.523100 -1.535700 -1.547800 -1.559400 -1.570300 -1.580400 -1.589800 -1.598400 -1.606100 -1.612900 -1.618800 -1.623600 -1.627300 -1.630000 -1.631500 -1.631800 -1.630900 -1.628700 -1.625300 -1.620600 -1.614700 -1.607400 -1.598900 -1.589100 -1.578000 -1.565800 -1.552400 -1.537800 -1.522200 -1.505600 -1.488000 -1.469500 -1.450100 -1.430000 -1.409100 -1.387700 -1.365700 -1.343300 -1.320600 -1.297600 -1.274400 -1.251300 -1.228300 -1.205400 -1.182900 -1.160800 -1.139200 -1.118200 -1.098000 -1.078700 -1.060200 -1.042800 -1.026500 -1.011400 -0.997500 -0.984900 -0.973700 -0.963800 -0.955400 -0.948300 -0.942600 -0.938200 -0.935100 -0.933000 -0.932100 -0.932100 -0.933000 -0.934600 -0.936900 -0.939700 -0.943000 -0.946500 -0.950200 -0.954100 -0.957800 -0.961500 -0.964900 -0.967900 -0.970500 -0.972600 -0.974000 -0.974800 -0.974900 -0.974200 -0.972700 -0.970400 -0.967300 -0.963300 -0.958500 -0.952900 -0.946600 -0.939600 -0.931900 -0.923600 -0.914800 -0.905600 -0.896100 -0.886400 -0.876500 -0.866600 -0.856700 -0.847000 -0.837500 -0.828300 -0.819500 -0.811100 -0.803300 -0.795900 -0.789200 -0.783000 -0.777300 -0.772300 -0.767700 -0.763800 -0.760200 -0.757200 -0.754600 -0.752400 -0.750500 -0.748900 -0.747600 -0.746400 -0.745400 -0.744400 -0.743500 -0.742500 -0.741400 -0.740100 -0.738600 -0.736900 -0.734900 -0.732500 -0.729700 -0.726600 -0.723000 -0.718900 -0.714300 -0.709100 


; cmd = /home/jgrabocka/Software/trainFastShapelet /mnt/E/Data/classification/timeseries/StarLightCurves/folds/default/StarLightCurves_TRAIN 3 1000 1024 204 612 10 10 tree_StarLightCurves time_StarLightCurves
; time =>   55.510   2.100   7.590   1.060  42.210 
