;Shapelet Tree 

;random seed:1392487651, rand()=1633547758, rand()=906669793
;command = /home/jgrabocka/Software/trainFastShapelet /mnt/E/Data/classification/timeseries/SwedishLeaf/folds/default/SwedishLeaf_TRAIN 15 500 75 25 25 10 10 tree_SwedishLeaf time_SwedishLeaf 

;Local Class:   0  1  2  3  4  5  6  7  8  9 10 11 12 13 14 
;Real  Class:   4 11 13  8  3 14  9  5  6  2 12 10  7  1 15 

;Node ID class   obj  pos  len  dist_th 
TreeSize: 256 
NonL  1    --      6   25   75   2.5157 ==>   2  35   2   0  35   5  33   0   0   0   0   0  28  29   0  /  34   0  31  31   0  37   0  33  30  36  38  26   0   0  35 
NonL  2    --     43   44   75   2.2690 ==>   0  30   1   0   0   3   0   0   0   0   0   0  28   1   0  /   2   5   1   0  35   2  33   0   0   0   0   0   0  28   0 
NonL  3    --      1    2   75   3.5172 ==>  17   0  31  19   0   1   0  33   0   2   6   0   0   0  35  /  17   0   0  12   0  36   0   0  30  34  32  26   0   0   0 
NonL  4    --      2   43   25   0.2682 ==>   0   0   1   0   0   0   0   0   0   0   0   0  28   0   0  /   0  30   0   0   0   3   0   0   0   0   0   0   0   1   0 
NonL  5    --      0   59   25   0.8056 ==>   0   0   0   0  21   0  32   0   0   0   0   0   0  22   0  /   2   5   1   0  14   2   1   0   0   0   0   0   0   6   0 
NonL  6    --     66   43   50   2.0255 ==>  13   0   0   4   0   0   0  30   0   0   0   0   0   0  31  /   4   0  31  15   0   1   0   3   0   2   6   0   0   0   4 
NonL  7    --     18   19   75   5.9364 ==>  16   0   0   0   0  32   0   0   1   0   0  22   0   0   0  /   1   0   0  12   0   4   0   0  29  34  32   4   0   0   0 
Leaf  8     7    
NonL  9    --      0   28   25   0.7259 ==>   0  30   0   0   0   0   0   0   0   0   0   0   0   0   0  /   0   0   0   0   0   3   0   0   0   0   0   0   0   1   0 
NonL 10    --     13   41   75   3.0570 ==>   0   0   0   0   8   0  30   0   0   0   0   0   0  20   0  /   0   0   0   0  13   0   2   0   0   0   0   0   0   2   0 
NonL 11    --      1   22   75   2.0002 ==>   0   1   0   0  14   0   0   0   0   0   0   0   0   6   0  /   2   4   1   0   0   2   1   0   0   0   0   0   0   0   0 
NonL 12    --      2    0   25   0.7968 ==>   0   0   0   0   0   0   0  28   0   0   0   0   0   0  31  /  13   0   0   4   0   0   0   2   0   0   0   0   0   0   0 
NonL 13    --      0   34   25   0.2800 ==>   0   0  31  15   0   0   0   0   0   0   5   0   0   0   0  /   4   0   0   0   0   1   0   3   0   2   1   0   0   0   4 
NonL 14    --      9   47   25   1.7914 ==>  16   0   0   0   0  31   0   0   1   0   0   0   0   0   0  /   0   0   0   0   0   1   0   0   0   0   0  22   0   0   0 
NonL 15    --     32   18   75   4.1282 ==>   0   0   0  10   0   0   0   0   0  22  10   0   0   0   0  /   1   0   0   2   0   4   0   0  29  12  22   4   0   0   0 
Leaf 18    11    
NonL 19    --      0   31   50   0.7978 ==>   0   0   0   0   0   0   0   0   0   0   0   0   0   1   0  /   0   0   0   0   0   3   0   0   0   0   0   0   0   0   0 
NonL 20    --      0    3   75   2.0153 ==>   0   0   0   0   0   0  25   0   0   0   0   0   0  16   0  /   0   0   0   0   8   0   5   0   0   0   0   0   0   4   0 
NonL 21    --      0   15   50   0.9771 ==>   0   0   0   0  13   0   1   0   0   0   0   0   0   0   0  /   0   0   0   0   0   0   1   0   0   0   0   0   0   2   0 
NonL 22    --      0   16   25   0.7670 ==>   0   1   0   0  14   0   0   0   0   0   0   0   0   2   0  /   0   0   0   0   0   0   0   0   0   0   0   0   0   4   0 
NonL 23    --      3   53   75   2.8421 ==>   0   4   1   0   0   0   0   0   0   0   0   0   0   0   0  /   2   0   0   0   0   2   1   0   0   0   0   0   0   0   0 
NonL 24    --      0   33   25   0.3233 ==>   0   0   0   0   0   0   0  18   0   0   0   0   0   0   0  /   0   0   0   0   0   0   0  10   0   0   0   0   0   0  31 
NonL 25    --     10   24   25   1.0536 ==>   0   0   0   4   0   0   0   2   0   0   0   0   0   0   0  /  13   0   0   0   0   0   0   0   0   0   0   0   0   0   0 
NonL 26    --      0    2   75   1.7891 ==>   0   0  27   1   0   0   0   0   0   0   1   0   0   0   0  /   0   0   4  14   0   0   0   0   0   0   4   0   0   0   0 
NonL 27    --      1    6   25   0.7756 ==>   0   0   0   0   0   0   0   3   0   0   1   0   0   0   4  /   4   0   0   0   0   1   0   0   0   2   0   0   0   0   0 
NonL 28    --     45   25   25   1.6356 ==>  16   0   0   0   0   7   0   0   1   0   0   0   0   0   0  /   0   0   0   0   0  24   0   0   0   0   0   0   0   0   0 
Leaf 29    10    
NonL 30    --      2    5   75   2.7400 ==>   0   0   0   8   0   0   0   0   0   0   9   0   0   0   0  /   0   0   0   2   0   0   0   0   0  22   1   0   0   0   0 
NonL 31    --     18   63   50   3.4139 ==>   0   0   0   2   0   0   0   0   0   6  19   0   0   0   0  /   1   0   0   0   0   4   0   0  29   6   3   4   0   0   0 
Leaf 38     1    
Leaf 39    14    
NonL 40    --      0   71   25   0.2781 ==>   0   0   0   0   0   0  16   0   0   0   0   0   0   0   0  /   0   0   0   0   0   0   9   0   0   0   0   0   0  16   0 
NonL 41    --      9   38   75   2.1779 ==>   0   0   0   0   0   0   5   0   0   0   0   0   0   3   0  /   0   0   0   0   8   0   0   0   0   0   0   0   0   1   0 
Leaf 42     3    
NonL 43    --      0   90   25   1.2792 ==>   0   0   0   0   0   0   1   0   0   0   0   0   0   0   0  /   0   0   0   0   0   0   0   0   0   0   0   0   0   2   0 
NonL 44    --      0   40   50   1.7505 ==>   0   0   0   0  14   0   0   0   0   0   0   0   0   2   0  /   0   1   0   0   0   0   0   0   0   0   0   0   0   0   0 
Leaf 45     1    
NonL 46    --      1   17   75   2.4149 ==>   0   4   0   0   0   0   0   0   0   0   0   0   0   0   0  /   0   0   1   0   0   0   0   0   0   0   0   0   0   0   0 
NonL 47    --      2   34   50   1.6705 ==>   0   0   0   0   0   2   1   0   0   0   0   0   0   0   0  /   2   0   0   0   0   0   0   0   0   0   0   0   0   0   0 
Leaf 48     5    
NonL 49    --      0   37   25   0.3428 ==>   0   0   0   0   0   0   0  10   0   0   0   0   0   0   8  /   0   0   0   0   0   0   0   0   0   0   0   0   0   0  23 
NonL 50    --      1    0   75   1.8378 ==>   0   0   0   4   0   0   0   0   0   0   0   0   0   0   0  /   0   0   0   0   0   0   0   2   0   0   0   0   0   0   0 
Leaf 51     4    
Leaf 52    13    
NonL 53    --      0    3   50   2.1208 ==>   0   0   0  14   0   0   0   0   0   0   4   0   0   0   0  /   0   0   4   0   0   0   0   0   0   0   0   0   0   0   0 
NonL 54    --      3   46   50   1.6166 ==>   0   0   0   0   0   0   0   3   0   0   1   0   0   0   0  /   0   0   0   0   0   0   0   0   0   0   0   0   0   0   4 
NonL 55    --      0   27   50   1.4116 ==>   0   0   0   0   0   0   0   0   0   2   0   0   0   0   0  /   4   0   0   0   0   1   0   0   0   0   0   0   0   0   0 
NonL 56    --      1   61   25   1.0658 ==>  16   0   0   0   0   0   0   0   1   0   0   0   0   0   0  /   0   0   0   0   0   7   0   0   0   0   0   0   0   0   0 
Leaf 57    14    
NonL 60    --      5    1   50   1.7411 ==>   0   0   0   7   0   0   0   0   0   0   0   0   0   0   0  /   0   0   0   1   0   0   0   0   0   0   9   0   0   0   0 
NonL 61    --      3   46   75   3.8842 ==>   0   0   0   0   0   0   0   0   0  20   0   0   0   0   0  /   0   0   0   2   0   0   0   0   0   2   1   0   0   0   0 
NonL 62    --      1   77   50   4.4631 ==>   0   0   0   2   0   0   0   0   0   1  19   0   0   0   0  /   0   0   0   0   0   0   0   0   0   5   0   0   0   0   0 
NonL 63    --      0    1   75   8.0831 ==>   0   0   0   0   0   4   0   0  26   0   0   1   0   0   0  /   1   0   0   0   0   0   0   0   3   6   3   3   0   0   0 
Leaf 80     9    
NonL 81    --      1   27   75   0.7127 ==>   0   0   0   0   0   0   5   0   0   0   0   0   0   0   0  /   0   0   0   0   0   0   4   0   0   0   0   0   0  16   0 
NonL 82    --      0   39   50   1.4480 ==>   0   0   0   0   0   0   5   0   0   0   0   0   0   0   0  /   0   0   0   0   0   0   0   0   0   0   0   0   0   3   0 
NonL 83    --      1   29   75   0.4967 ==>   0   0   0   0   0   0   0   0   0   0   0   0   0   1   0  /   0   0   0   0   8   0   0   0   0   0   0   0   0   0   0 
Leaf 86     9    
Leaf 87     1    
NonL 88    --      3   19   75   1.3915 ==>   0   0   0   0   1   0   0   0   0   0   0   0   0   2   0  /   0   0   0   0  13   0   0   0   0   0   0   0   0   0   0 
Leaf 89    11    
Leaf 92    11    
Leaf 93    13    
NonL 94    --      1   36   75   1.3193 ==>   0   0   0   0   0   0   1   0   0   0   0   0   0   0   0  /   0   0   0   0   0   2   0   0   0   0   0   0   0   0   0 
Leaf 95     4    
NonL 98    --      2    8   75   1.5648 ==>   0   0   0   0   0   0   0   1   0   0   0   0   0   0   8  /   0   0   0   0   0   0   0   9   0   0   0   0   0   0   0 
Leaf 99    15    
Leaf 100     8    
Leaf 101     5    
NonL 106    --      6   27   75   2.1877 ==>   0   0   0   0   0   0   0   0   0   0   4   0   0   0   0  /   0   0   0  14   0   0   0   0   0   0   0   0   0   0   0 
Leaf 107    13    
NonL 108    --      0   20   75   0.8554 ==>   0   0   0   0   0   0   0   0   0   0   1   0   0   0   0  /   0   0   0   0   0   0   0   3   0   0   0   0   0   0   0 
Leaf 109    15    
Leaf 110     2    
NonL 111    --      3   23   75   1.3516 ==>   0   0   0   0   0   1   0   0   0   0   0   0   0   0   0  /   4   0   0   0   0   0   0   0   0   0   0   0   0   0   0 
Leaf 112     4    
Leaf 113    14    
Leaf 120     8    
Leaf 121    12    
Leaf 122     2    
NonL 123    --      1   66   25   0.3743 ==>   0   0   0   0   0   0   0   0   0   2   1   0   0   0   0  /   0   0   0   2   0   0   0   0   0   0   0   0   0   0   0 
NonL 124    --      2   35   25   0.9123 ==>   0   0   0   2   0   0   0   0   0   0   0   0   0   0   0  /   0   0   0   0   0   0   0   0   0   1  19   0   0   0   0 
Leaf 125     2    
NonL 126    --      0   84   25   1.4458 ==>   0   0   0   0   0   0   0   0  23   0   0   0   0   0   0  /   0   0   0   0   0   4   0   0   3   0   0   1   0   0   0 
NonL 127    --      1   44   75   8.5885 ==>   1   0   0   0   0   0   0   0   3   0   3   2   0   0   0  /   0   0   0   0   0   0   0   0   0   6   0   1   0   0   0 
Leaf 162     9    
Leaf 163     1    
Leaf 164     9    
Leaf 165     1    
Leaf 166     1    
Leaf 167     3    
Leaf 176     1    
Leaf 177     3    
Leaf 188     9    
Leaf 189    14    
Leaf 196    15    
Leaf 197     5    
Leaf 212    12    
Leaf 213     8    
Leaf 216    12    
Leaf 217     5    
Leaf 222    14    
Leaf 223     4    
Leaf 246     2    
Leaf 247     8    
Leaf 248     8    
Leaf 249    12    
Leaf 252     6    
Leaf 253    14    
Leaf 254     6    
Leaf 255     2    

;Shapelet id   <data>
Shapelet   1  -1.328910 -1.446920 -1.461960 -1.531070 -1.514140 -1.289100 -1.187570 -1.266760 -1.239840 -1.255840 -1.173880 -1.158310 -1.073570 -0.995411 -0.909089 -0.836246 -0.764500 -0.690097 -0.603830 -0.423525 -0.360660 -0.201903 -0.039357  0.053859  0.231039  0.379174  0.497674  0.656378  0.752397  0.900699  1.022510  1.166030  1.316610  1.437980  1.529150  1.572850  1.684440  1.704470  1.660040  1.650460  1.649130  1.626810  1.838590  1.722370  1.475840  1.257700  1.041870  0.819782  0.686746  0.563887  0.452004  0.320039  0.171866  0.061949 -0.052282 -0.181217 -0.337599 -0.429800 -0.559982 -0.683783 -0.768375 -0.892963 -0.963872 -0.995411 -1.052730 -0.997255 -1.092760 -1.047110 -1.067900 -1.036820 -1.070620 -1.036230 -1.093350 -1.027490 -0.916281 
Shapelet   2  -0.769970 -0.624771 -0.510000 -0.341437 -0.276657 -0.108409  0.072634  0.216329  0.342888  0.396859  0.452560  0.425941  0.404081  0.656554  0.863423  1.121600  1.325720  1.580900  1.831290  1.826460  1.570640  1.366360  1.110530  0.855145  0.650659  0.395827  0.353052  0.527575  0.561431  0.597304  0.504123  0.396859  0.282258  0.147055 -0.024320 -0.182407 -0.282317 -0.440469 -0.514404 -0.645843 -0.762264 -0.828430 -0.872953 -0.908950 -0.956903 -1.076860 -1.115290 -1.109770 -1.119710 -1.127090 -1.115290 -1.081960 -1.087430 -1.027680 -1.000850 -0.966780 -0.908950 -0.883301 -0.812121 -0.756244 -0.663759 -0.667026 -0.565709 -0.482736 -0.395253 -0.328464 -0.178620 -0.018974  0.047197  0.140806  0.261087  0.410005  0.550421  0.678360  0.781762 
Shapelet   3   1.573640  1.396900  1.252210  1.083760  0.955383  0.796125  0.718198  0.551916  0.420483  0.383365  0.271921  0.241624  0.163890  0.076636  0.016898 -0.032077 -0.026394 -0.052424 -0.108935 -0.178547 -0.181560 -0.228932 -0.253255 -0.334752 -0.337967 -0.395157 -0.498469 -0.559765 -0.703438 -0.842714 -1.011430 -1.135740 -1.299700 -1.402500 -1.529810 -1.633630 -1.743430 -1.757630 -1.746960 -1.692480 -1.572380 -1.388560 -1.236320 -1.052580 -0.898939 -0.714188 -0.559765 -0.374437 -0.188920 -0.033856  0.149784  0.302857  0.488516  0.641561  0.823507  0.976685  1.159170  1.342040  1.495350  1.678570  1.831920  2.015140  1.924650  1.741620  1.586570  1.401630  1.248130  1.064200  0.880548  0.727190  0.543164  0.389812  0.205794  0.051933 -0.132112 
Shapelet   4  -0.896964 -0.759814 -0.645098 -0.530259 -0.415322 -0.277799 -0.160001 -0.044786  0.070459  0.188984  0.330230  0.445633  0.564834  0.684288  0.826202  0.946034  1.066040  1.191030  1.311450  1.459250  1.579970  1.700770  1.811210  1.748910  1.621030 
Shapelet   5   1.529150  1.572850  1.684440  1.704470  1.660040  1.650460  1.649130  1.626810  1.838590  1.722370  1.475840  1.257700  1.041870  0.819782  0.686746  0.563887  0.452004  0.320039  0.171866  0.061949 -0.052282 -0.181217 -0.337599 -0.429800 -0.559982 
Shapelet   6  -0.734806 -0.682973 -0.698260 -0.653440 -0.619499 -0.422765 -0.277401 -0.041859  0.162997  0.355000  0.538599  0.735906  0.971409  1.192040  1.414980  1.639930  1.864530  2.092190  2.322550  2.555920  2.519190  2.248230  2.014760  1.787170  1.604400  1.372880  1.153570  0.918272  0.697547  0.486280  0.265129  0.008496 -0.213315 -0.300383 -0.458957 -0.627881 -0.710389 -0.682171 -0.630505 -0.610360 -0.558937 -0.531150 -0.542590 -0.567145 -0.816685 -1.074300 -1.319250 -1.551370 -1.782530 -1.832550 
Shapelet   7  -0.625188 -0.988624 -1.152290 -0.871899 -0.622413 -0.512933 -0.362777 -0.387513 -0.668551 -0.834795 -0.851673 -0.852093 -1.020920 -1.168190 -1.369560 -1.543910 -1.729480 -1.427860 -1.126820 -0.790803 -0.610640 -0.488697 -0.530041 -0.573175 -0.637104 -0.332171 -0.181306 -0.074362 -0.040391  0.097181  0.148263  0.216712  0.344972  0.347128  0.446194  0.443609  0.469238  0.430511  0.381504  0.521967  0.832562  1.171400  1.481230  1.792630  2.131070  2.445770  2.264370  1.952460  1.638450  1.298390  0.988553  0.676646  0.523432  0.566520  0.627581  0.632795  0.624708  0.546057  0.509531  0.444862  0.413440  0.395046  0.285101  0.158729 -0.098494 -0.350230 -0.572881 -0.781715 -1.043530 -1.131930 -1.286660 -1.387490 -1.435300 -1.473150 -1.539160 
Shapelet   9  -0.970279 -1.020950 -1.057700 -1.079970 -1.087430 -1.079970 -1.108530 -1.121270 -1.117960 -1.098670 -1.085570 -1.038810 -1.020490 -0.943489 -0.892369 -0.788835 -0.708744 -0.645519 -0.535866 -0.439909 -0.351717 -0.209276 -0.094170  0.053337  0.161679 
Shapelet  10  -0.435104 -0.255974  0.019463  0.160549  0.253564  0.486370  0.640140  0.694712  0.823292  1.057080  1.109100  1.166420  1.408150  1.422050  1.531180  1.766230  1.876580  1.828840  1.902930  1.752420  1.854490  1.802460  1.836250  1.774860  1.672070  1.348370  1.379450  1.266020  1.083250  0.955854  0.903471  0.912710  0.742050  0.483642  0.467249  0.350258  0.186533 -0.155070 -0.146617 -0.210008 -0.408305 -0.523117 -0.535813 -0.610946 -0.909339 -1.009420 -0.919607 -0.903251 -0.863790 -0.975457 -1.329310 -1.164230 -0.941276 -0.863790 -0.795426 -0.844217 -1.192660 -1.053350 -0.959041 -0.844956 -0.783712 -1.085600 -0.814828 -0.734613 -0.538815 -0.638990 -0.798777 -0.676084 -0.396270 -0.377629 -0.771606 -0.767542 -0.625053 -0.423408 -0.729540 
Shapelet  11  -0.770195 -0.837714 -0.973367 -1.056760 -1.082550 -1.120720 -1.142070 -1.239670 -1.256900 -1.260690 -1.215610 -1.277330 -1.258520 -1.232520 -1.152460 -1.141380 -1.057600 -1.003710 -0.893647 -0.817634 -0.725857 -0.580107 -0.551355 -0.388017 -0.266379 -0.145770 -0.030694  0.134477  0.206426  0.340954  0.492018  0.581533  0.740017  0.966817  1.215760  1.395310  1.454600  1.586130  1.602010  1.689380  1.627660  1.636850  1.526560  1.489930  1.426220  1.302060  1.260780  1.121740  1.159750  1.055720  0.928825  0.822879  0.640603  0.551385  0.473856  0.327975  0.208890  0.165397  0.006806 -0.085664 -0.165414 -0.256476 -0.401299 -0.501184 -0.519434 -0.651302 -0.686730 -0.755399 -0.793057 -0.985138 -0.999260 -1.118660 -1.165680 -1.227170 -1.270810 
Shapelet  12   1.598870  1.477540  1.319030  1.160690  1.005520  0.851426  0.785839  0.643478  0.545505  0.491615  0.491388  0.411374  0.351988  0.251220  0.230389  0.146929  0.074116 -0.034080 -0.087387 -0.125604 -0.072949 -0.122284 -0.192549 -0.222192 -0.342027 
Shapelet  13  -1.299700 -1.402500 -1.529810 -1.633630 -1.743430 -1.757630 -1.746960 -1.692480 -1.572380 -1.388560 -1.236320 -1.052580 -0.898939 -0.714188 -0.559765 -0.374437 -0.188920 -0.033856  0.149784  0.302857  0.488516  0.641561  0.823507  0.976685  1.159170 
Shapelet  14  -0.182989 -0.203803 -0.279604 -0.266351 -0.355556 -0.450881 -0.430894 -0.362625 -0.263169 -0.089927  0.090194  0.333007  0.547245  0.729444  0.855273  1.088450  1.328750  1.550370  1.799360  2.048500  2.181770  2.404710  2.207120  1.973800  1.821760 
Shapelet  15   0.327414  0.263954  0.190359  0.067837  0.055289  0.191434  0.169083  0.080846  0.025162 -0.038035 -0.143058 -0.344428 -0.478412 -0.434255 -0.504848 -0.654202 -0.806450 -0.831987 -0.860323 -0.925342 -1.041190 -1.168560 -1.260700 -1.354780 -1.499680 -1.630750 -1.754820 -1.846330 -1.794180 -1.574250 -1.354290 -1.129960 -0.873855 -0.649182 -0.419206 -0.188789  0.041987  0.293671  0.524734  0.743751  0.968802  1.193860  1.412930  1.658760  1.861520  1.823320  1.603350  1.392310  1.177190  0.925733  0.705937  0.481362  0.256850  0.028023 -0.200208 -0.454785 -0.681459 -0.907018 -1.129220 -1.350840 -1.597690 -1.815730 -1.955300 -1.910490 -1.813040 -1.745060 -1.666450 -1.576440 -1.467600 -1.362200 -1.240110 -1.070830 -0.887454 -0.833992 -0.934204 
Shapelet  19  -0.717325 -0.891523 -0.855511 -0.920284 -1.004040 -1.146180 -1.158120 -1.221410 -1.298120 -1.290280 -1.284800 -1.355860 -1.411660 -1.400200 -1.300780 -1.179820 -1.067270 -0.957256 -0.779814 -0.640092 -0.537556 -0.301644 -0.118576  0.048065  0.183653  0.216782  0.311902  0.501745  0.752240  1.083820  1.351790  1.590650  1.552040  1.642800  1.858140  2.007500  1.976720  1.958510  1.877060  1.808950  1.709300  1.584330  1.388290  1.361220  1.190250  1.052700  0.925645  0.743163  0.556022  0.435305 
Shapelet  20   1.062640  0.836615  0.609786  0.382620  0.240302  0.106266 -0.020757  0.050274 -0.136564 -0.009845 -0.135212 -0.265717 -0.087772 -0.252910 -0.316104 -0.351107 -0.519266 -0.568206 -0.730961 -0.682377 -0.839079 -0.854768 -0.958211 -1.046790 -1.054530 -1.093380 -1.210850 -1.273130 -1.208880 -1.275230 -1.305610 -1.215350 -1.249520 -1.243210 -1.099430 -1.082080 -0.904167 -0.841780 -0.757085 -0.632698 -0.562169 -0.399876 -0.347108 -0.181035 -0.047786  0.070770  0.263171  0.408228  0.574305  0.732605  0.797977  0.979783  1.097880  1.237070  1.365940  1.453480  1.599510  1.641320  1.759240  1.840000  1.952440  1.947260  2.053720  2.065850  2.025140  1.868290  1.797760  1.575330  1.326350  1.131560  0.933833  0.755332  0.580696  0.404537  0.229230 
Shapelet  21  -0.295575 -0.420098 -0.637300 -0.765468 -0.899225 -1.058720 -1.142340 -1.265880 -1.279490 -1.372530 -1.328910 -1.446920 -1.461960 -1.531070 -1.514140 -1.289100 -1.187570 -1.266760 -1.239840 -1.255840 -1.173880 -1.158310 -1.073570 -0.995411 -0.909089 -0.836246 -0.764500 -0.690097 -0.603830 -0.423525 -0.360660 -0.201903 -0.039357  0.053859  0.231039  0.379174  0.497674  0.656378  0.752397  0.900699  1.022510  1.166030  1.316610  1.437980  1.529150  1.572850  1.684440  1.704470  1.660040  1.650460 
Shapelet  22   0.024919 -0.063060 -0.169424 -0.348644 -0.336028 -0.488226 -0.593769 -0.691474 -0.711379 -0.830917 -0.777364 -0.900014 -1.012530 -1.066120 -1.177340 -1.128830 -1.234390 -1.201780 -1.249490 -1.255250 -1.211910 -1.225320 -1.134050 -1.111270 -1.016200 
Shapelet  23   0.420654  0.509373  0.621028  0.693233  0.721525  0.812743  0.812743  0.820513  0.791802  0.915223  1.134220  1.423470  1.648610  1.875510  1.877320  1.714560  1.510400  1.359800  1.106050  0.869289  0.686010  0.555934  0.411161  0.321611  0.194702  0.034005 -0.069791 -0.161158 -0.279022 -0.308884 -0.388369 -0.492711 -0.582546 -0.665703 -0.738900 -0.826216 -0.919514 -0.957799 -1.046860 -1.105820 -1.153150 -1.188330 -1.214580 -1.270650 -1.264050 -1.335400 -1.346830 -1.296380 -1.326540 -1.273960 -1.225950 -1.165100 -1.062270 -0.975794 -0.879108 -0.773067 -0.620663 -0.496971 -0.366443 -0.240474 -0.118348  0.011832  0.155776  0.287031  0.427761  0.577135  0.772243  0.930444  1.049470  1.226650  1.365060  1.506770  1.704240  1.953930  2.157390 
Shapelet  24  -1.212590 -1.355010 -1.438930 -1.485070 -1.571210 -1.577450 -1.555460 -1.483480 -1.414340 -1.308230 -1.203630 -1.045360 -0.906102 -0.766040 -0.612247 -0.454438 -0.296567 -0.138643  0.016954  0.216837  0.374882  0.532953  0.693410  0.851426  1.012040 
Shapelet  25   0.196536 -0.000589 -0.090520  0.022093 -0.098045 -0.298920 -0.355976 -0.312469 -0.465964 -0.641471 -0.591606 -0.741657 -0.894062 -1.025330 -1.157910 -1.269180 -1.336800 -1.449750 -1.581990 -1.633420 -1.475320 -1.338700 -1.172950 -1.001830 -0.849720 
Shapelet  26   1.573640  1.396900  1.252210  1.083760  0.955383  0.796125  0.718198  0.551916  0.420483  0.383365  0.271921  0.241624  0.163890  0.076636  0.016898 -0.032077 -0.026394 -0.052424 -0.108935 -0.178547 -0.181560 -0.228932 -0.253255 -0.334752 -0.337967 -0.395157 -0.498469 -0.559765 -0.703438 -0.842714 -1.011430 -1.135740 -1.299700 -1.402500 -1.529810 -1.633630 -1.743430 -1.757630 -1.746960 -1.692480 -1.572380 -1.388560 -1.236320 -1.052580 -0.898939 -0.714188 -0.559765 -0.374437 -0.188920 -0.033856  0.149784  0.302857  0.488516  0.641561  0.823507  0.976685  1.159170  1.342040  1.495350  1.678570  1.831920  2.015140  1.924650  1.741620  1.586570  1.401630  1.248130  1.064200  0.880548  0.727190  0.543164  0.389812  0.205794  0.051933 -0.132112 
Shapelet  27   1.174570  0.984969  0.865664  0.677079  0.567652  0.404565  0.390778  0.255191  0.087064 -0.023548 -0.119114 -0.198853 -0.150181 -0.250161 -0.336762 -0.409327 -0.558919 -0.599706 -0.558452 -0.566396 -0.558452 -0.672234 -0.702883 -0.787663 -0.857047 
Shapelet  28  -0.907660 -0.977290 -1.119570 -1.102300 -1.140930 -1.122670 -1.020360 -0.993258 -0.860469 -0.795223 -0.750848 -0.599245 -0.481199 -0.447806 -0.487105 -0.468662 -0.418259 -0.352572 -0.293509 -0.315202 -0.351598 -0.330694 -0.437727 -0.423830 -0.431269 
Shapelet  30   1.198970  1.081390  0.975119  0.804854  0.746778  0.690900  0.656701  0.681290  0.647100  0.602330  0.511881  0.437507  0.498926  0.473341  0.462865  0.446157  0.404904  0.401174  0.293446  0.257381  0.222505  0.114378  0.072231  0.024390 -0.068573 -0.090043  0.010318  0.016758 -0.068573 -0.162209 -0.216736 -0.372916 -0.412851 -0.540568 -0.643817 -0.810543 -0.927745 -1.064120 -1.247730 -1.381360 -1.538600 -1.641440 -1.759900 -1.740350 -1.549080 -1.320530 -1.104300 -0.853278 -0.627441 -0.368646 -0.110914  0.126208  0.392337  0.627749  0.903112  1.147430  1.419140  1.691700  1.938970  2.229560  2.240030  1.998530  1.696330  1.447440  1.165460  0.911204  0.639542  0.395437  0.126404 -0.140929 -0.374716 -0.637941 -0.867801 -1.124480 -1.348510 
Shapelet  31   1.677260  1.921480  1.601770  1.233130  0.916977  0.550813  0.182492 -0.185562 -0.501779 -0.868554 -1.234720 -1.547770 -1.909440 -2.266510 -2.572670 -2.401370 -2.045870 -1.738480 -1.443100 -1.176230 -0.936462 -0.753264 -0.482879 -0.276362 -0.161805  0.013952  0.080095  0.206887  0.172704  0.118313  0.156025  0.202017  0.172704  0.219774  0.190554  0.178579  0.138310  0.005627  0.060136  0.036842  0.123505 -0.122876 -0.033136 -0.061178 -0.089882  0.023774 -0.026783 -0.049178 -0.128309 -0.295303 
Shapelet  40   1.326350  1.131560  0.933833  0.755332  0.580696  0.404537  0.229230  0.061793 -0.124756 -0.234708 -0.405027 -0.556015 -0.670542 -0.798016 -0.866623 -1.052520 -1.161420 -1.237230 -1.312400 -1.349690 -1.385430 -1.380210 -1.373740 -1.346450 -1.299000 
Shapelet  41  -0.718855 -0.794395 -1.041470 -0.648465 -0.584123 -0.580273 -0.539920 -0.132093 -0.100418  0.051221  0.341930  0.372908  0.493230  0.724057  0.851591  0.924516  1.128130  1.333680  1.339590  1.378870  1.485940  1.737110  1.872500  2.004050  2.076690  1.965380  1.792270  1.926110  1.957520  1.922560  1.946020  1.835570  1.666060  1.572650  1.526140  1.343640  1.052600  0.778834  0.674994  0.529818  0.468816  0.167610 -0.108735 -0.153429 -0.286409 -0.320894 -0.697843 -0.642228 -0.744463 -0.560708 -0.735519 -0.898995 -0.778551 -0.837788 -0.663785 -0.622026 -0.880358 -0.706383 -0.627775 -0.440743 -0.389435 -0.667325 -0.495868 -0.354294 -0.325061 -0.639406 -0.571998 -0.496444 -0.271629 -0.443147 -0.889853 -0.704603 -0.643169 -0.573047 -0.954474 
Shapelet  43  -0.907514 -0.922906 -0.992502 -0.918578 -0.777454 -0.693818 -0.752773 -0.753946 -0.693818 -0.448695 -0.390797 -0.485036 -0.428487 -0.275100 -0.332261 -0.574138 -0.484876 -0.456767 -0.298295 -0.305534 -0.611013 -0.501620 -0.407098 -0.209717 -0.106398 
Shapelet  44  -1.016200 -0.939735 -0.881389 -0.715716 -0.617504 -0.498231 -0.363002 -0.240374 -0.070629  0.060186  0.239476  0.414012  0.579692  0.750092  0.916909  1.087820  1.279330  1.481240  1.680760  1.901710  2.058880  1.946920  1.771470  1.766970  1.721750  1.683960  1.551360  1.454970  1.362950  1.254560  1.154480  0.973411  0.854859  0.681699  0.611889  0.487709  0.291661  0.179739  0.092645 -0.081668 -0.163048 -0.246900 -0.404662 -0.524085 -0.597424 -0.775633 -0.806961 -0.970629 -1.005790 -1.034760 
Shapelet  46  -0.238940 -0.352526 -0.492711 -0.588592 -0.675330 -0.792946 -0.929137 -0.984828 -1.028470 -1.076980 -1.092140 -1.142440 -1.131760 -1.161510 -1.171090 -1.167890 -1.146000 -1.163100 -1.118760 -1.109730 -1.022740 -0.941390 -0.893745 -0.807574 -0.735046 -0.690511 -0.562801 -0.458476 -0.378821 -0.257698 -0.147038 -0.087490  0.012698  0.083976  0.211280  0.333169  0.420654  0.509373  0.621028  0.693233  0.721525  0.812743  0.812743  0.820513  0.791802  0.915223  1.134220  1.423470  1.648610  1.875510  1.877320  1.714560  1.510400  1.359800  1.106050  0.869289  0.686010  0.555934  0.411161  0.321611  0.194702  0.034005 -0.069791 -0.161158 -0.279022 -0.308884 -0.388369 -0.492711 -0.582546 -0.665703 -0.738900 -0.826216 -0.919514 -0.957799 -1.046860 
Shapelet  47  -1.537270 -1.267930 -1.104070 -1.059130 -0.983457 -1.082140 -1.124890 -1.241620 -1.302500 -1.300740 -1.087140 -0.891842 -0.800673 -0.715282 -0.717078 -0.686496 -0.633140 -0.638796 -0.611069 -0.441810 -0.282855 -0.141367  0.071510  0.313376  0.367384  0.416418  0.430769  0.420127  0.427996  0.573814  0.845114  0.984367  1.013550  1.023770  1.020060  1.175680  1.456090  1.737440  2.019560  2.191360  2.011290  1.733010  1.498590  1.233120  0.978612  0.704217  0.561493  0.646189  0.672712  0.553009 
Shapelet  49  -1.205280 -1.235300 -1.307810 -1.300580 -1.286640 -1.275150 -1.233410 -1.162630 -1.113750 -1.009850 -0.966250 -0.906161 -0.771045 -0.558275 -0.345340 -0.078979  0.139763  0.406109  0.619304  0.837920  1.104380  1.317640  1.530970  1.797730  2.006880 
Shapelet  50   1.507910  1.354950  1.229690  1.050710  1.020870  0.997517  1.004730  0.862149  0.786865  0.895570  0.827435  0.673565  0.636820  0.639246  0.482218  0.415988  0.446641  0.337396  0.255816  0.338530  0.215451  0.021215  0.109073  0.126401  0.013908 -0.108560 -0.194462 -0.107543 -0.142969 -0.283686 -0.467713 -0.368164 -0.376791 -0.554187 -0.727987 -0.787685 -0.966907 -1.111090 -1.177380 -1.315310 -1.392020 -1.490320 -1.549440 -1.410860 -1.261650 -1.085700 -0.923023 -0.760377 -0.596016 -0.426296 -0.232292 -0.055299  0.125756  0.310136  0.497263  0.706645  0.895402  1.085080  1.275550  1.486510  1.674750  1.863180  2.051770  2.221030  2.135280  1.926900  1.728780  1.535460  1.346410  1.134050  0.945431  0.753677  0.559725  0.347514  0.155425 
Shapelet  53   0.875082  0.890066  0.742203  0.686205  0.774122  0.729525  0.619544  0.718881  0.612283  0.585964  0.638270  0.516381  0.515210  0.432822  0.335317  0.433421  0.337940  0.213967  0.155296  0.209158  0.011063 -0.036315 -0.051112 -0.211864 -0.362087 -0.499269 -0.692514 -0.745742 -0.617915 -0.737541 -0.902722 -1.048290 -1.238270 -1.339210 -1.369200 -1.454640 -1.561420 -1.683380 -1.755580 -1.726210 -1.531020 -1.310060 -1.114760 -0.919465 -0.729371 -0.507100 -0.320283 -0.135390  0.051811  0.273002 
Shapelet  54  -1.557060 -1.527080 -1.287530 -1.033270 -0.803846 -0.574410 -0.354801 -0.125322  0.129222  0.349175  0.578670  0.808165  1.037660  1.292310  1.521800  1.751300  1.980790  2.182580  2.216190  2.011430  1.807470  1.586740  1.357350  1.102530  0.881863  0.652445  0.423037  0.193640 -0.061174 -0.281830 -0.511255 -0.740669 -0.970068 -1.224880 -1.462710 -1.643230 -1.654930 -1.587130 -1.491710 -1.270550 -1.061740 -1.018200 -0.932504 -0.910541 -0.856511 -0.823967 -0.786028 -0.765122 -0.694101 -0.608403 
Shapelet  55  -0.669729 -0.575034 -0.337279 -0.413116 -0.635183 -0.735581 -0.797740 -1.022980 -1.115580 -0.959575 -1.101220 -1.352240 -1.548560 -1.694630 -1.910230 -1.919280 -1.699610 -1.472300 -1.245390 -1.017830 -0.789924 -0.562411 -0.334082 -0.116702  0.110975  0.341412  0.574752  0.812158  1.053480  1.300440  1.552240  1.804990  2.048300  2.302290  2.538040  2.680310  2.469330  2.218150  1.957920  1.699650  1.445680  1.192420  0.953478  0.710915  0.473074  0.238392  0.006648 -0.222531 -0.450861 -0.679509 
Shapelet  56   0.855273  1.088450  1.328750  1.550370  1.799360  2.048500  2.181770  2.404710  2.207120  1.973800  1.821760  1.722940  1.503270  1.255510  1.000950  0.788092  0.531903  0.289063  0.050892 -0.165155 -0.377576 -0.530099 -0.466812 -0.463410 -0.426242 
Shapelet  60   1.079850  0.920243  0.969974  0.802176  0.901733  0.991310  0.869496  0.870134  0.858454  0.999463  0.936343  0.775066  0.733515  0.643513  0.752936  0.828474  0.691935  0.523643  0.489581  0.523347  0.654162  0.554087  0.376810  0.364376  0.232469  0.157917  0.277786  0.154655 -0.015210 -0.251571 -0.336606 -0.556880 -0.366722 -0.439468 -0.617696 -0.816934 -0.951542 -0.828909 -0.852719 -0.990945 -1.152860 -1.235030 -1.381870 -1.537630 -1.691510 -1.810660 -1.809740 -1.583060 -1.340770 -1.128260 
Shapelet  61  -1.674320 -1.896060 -1.974400 -1.717030 -1.443270 -1.166850 -0.861390 -0.575863 -0.289199  0.023263  0.313113  0.604008  0.895722  1.211980  1.504860  1.800670  2.118350  2.415420  2.698140  2.734290  2.418990  2.119930  1.818080  1.496620  1.199690  0.906028  0.612819  0.296272  0.004324 -0.286682 -0.600391 -0.888388 -1.174870 -1.457710 -1.762110 -1.915580 -1.714610 -1.458730 -1.199570 -0.899636 -1.122970 -1.344000 -1.192480 -0.965576 -0.663005 -0.806609 -0.651902 -0.411797 -0.124436  0.138019 -0.095153 -0.391664 -0.748878 -0.977890 -0.957143 -0.658951 -0.316017  0.006150 -0.185425 -0.320698 -0.168466 -0.076255  0.130301  0.425715  0.742883  0.824642  0.434804  0.113397 -0.169625 -0.461184 -0.747918 -0.679287 -0.370639  0.007336 -0.161516 
Shapelet  62  -1.384970 -1.714760 -2.039220 -2.344330 -2.209200 -2.013490 -1.845450 -1.652360 -1.438400 -1.184580 -0.983132 -0.866492 -0.702133 -0.612281 -0.508230 -0.452282 -0.363333 -0.330962 -0.242599 -0.158244 -0.109840 -0.098538 -0.183345 -0.155505 -0.113114 -0.080659  0.009949  0.040598  0.106077  0.148401  0.165496  0.156025  0.202852  0.185001  0.163816  0.219678 -0.067386 -0.046575  0.027343  0.042320  0.127506  0.081320  0.290149  0.324728  0.572203  0.862993  1.029170  1.357100  1.685890  2.014850 
Shapelet  63   2.499950  2.138120  1.827470  1.465610  1.104330  0.803071  0.559713  0.337900  0.347623  0.265350  0.250781  0.204926  0.152192  0.036684 -0.011264 -0.095149 -0.206114 -0.233958 -0.311705 -0.332255 -0.353593 -0.400106 -0.630991 -0.637742 -0.765356 -0.796461 -0.787187 -0.746935 -0.802395 -0.685236 -0.704709 -0.647758 -0.623750 -0.471460 -0.348607 -0.353593 -0.285124 -0.215381 -0.197788 -0.153578  0.043788  0.020002  0.212052  0.308640  0.531656  0.593956  0.722003  0.746088  0.734753  0.795185  0.708430  0.761569  0.691824  0.591516  0.469790  0.302049  0.101419 -0.232098 -0.602334 -0.908281 -0.777930 -0.573334 -0.348607 -0.120412  0.184363  0.453400  0.782154  1.051310  1.396550  1.748840  2.151930  1.868270  1.512850  1.196540  0.888242 
Shapelet  81  -0.836100 -0.924871 -0.977237 -1.043400 -1.091060 -1.155300 -1.231600 -1.145610 -1.187880 -1.248240 -1.163560 -1.229230 -1.150810 -1.093340 -1.016480 -0.965304 -0.853574 -0.730789 -0.610539 -0.457994 -0.336502 -0.162182 -0.007207  0.125992  0.333514  0.506079  0.648537  0.774797  0.955104  1.142280  1.387280  1.580540  1.647060  1.846130  1.920700  1.912280  1.912810  1.827860  1.812440  1.747080  1.600820  1.484170  1.375220  1.232810  1.104180  1.017740  0.867420  0.711078  0.593760  0.471426  0.280765  0.170060  0.019278 -0.107271 -0.199331 -0.369961 -0.460268 -0.592303 -0.707503 -0.767029 -0.855034 -0.898841 -0.944553 -1.074910 -1.099170 -1.101450 -1.211360 -1.218580 -1.178250 -1.347470 -1.220950 -1.254350 -1.276810 -1.196810 -1.145610 
Shapelet  82  -0.828515 -0.709562 -0.443046 -0.330396 -0.313085 -0.132699 -0.053886 -0.013740  0.262220  0.349671  0.428563  0.685982  0.799439  0.841213  1.109520  1.212470  1.368240  1.438620  1.575790  1.640850  1.722610  1.743520  1.853790  1.565630  1.612420  1.674290  1.664510  1.666660  1.689400  1.637860  1.458440  1.484940  1.398940  1.132280  1.074970  0.959705  0.701490  0.575012  0.469549  0.429721  0.241303  0.061793 -0.135587 -0.083044 -0.216307 -0.468356 -0.476078 -0.478827 -0.553980 -0.741963 
Shapelet  83  -0.985794 -1.083730 -1.123330 -1.060290 -1.064350 -1.049490 -1.056430 -1.004060 -1.051990 -1.039480 -1.135690 -1.081980 -1.065120 -1.007110 -0.959476 -0.946093 -0.824656 -0.711178 -0.530660 -0.338993 -0.178344 -0.002249  0.204472  0.337572  0.527251  0.705287  0.913193  1.251850  1.555190  1.728190  1.922000  2.077010  2.033680  2.001220  1.897900  1.806270  1.723480  1.734190  1.630060  1.489380  1.409770  1.263570  1.072360  0.903752  0.851908  0.748139  0.659502  0.531212  0.340641  0.262977  0.003186 -0.096442 -0.239079 -0.308435 -0.388943 -0.480809 -0.486949 -0.678394 -0.679281 -0.806553 -0.827772 -0.808013 -0.846880 -0.867548 -0.864775 -0.851117 -0.983136 -1.055660 -1.027390 -0.940451 -0.955702 -0.912157 -0.979911 -0.937069 -0.966466 
Shapelet  88  -0.448068 -0.427202 -0.506169 -0.569078 -0.566701 -0.644503 -0.685978 -0.755456 -0.840938 -0.857899 -0.913271 -0.959314 -0.924741 -1.040640 -0.969605 -0.994137 -0.892948 -0.885349 -0.949365 -0.852553 -0.792577 -0.739456 -0.739456 -0.718609 -0.641188 -0.537086 -0.493853 -0.392319 -0.292387 -0.121557  0.032278  0.150901  0.313846  0.421839  0.494771  0.570520  0.676845  0.797459  1.127890  1.152930  1.133940  1.407120  1.682310  1.858090  1.932650  2.023760  1.954680  2.005510  1.863550  1.761490  1.686040  1.480580  1.429690  1.318980  1.220660  1.039760  0.863001  0.759947  0.640073  0.493045  0.329065  0.208554  0.022416 -0.027954 -0.195910 -0.308490 -0.484489 -0.520574 -0.590516 -0.769344 -0.861361 -0.885349 -0.958029 -0.946480 -0.973793 
Shapelet  94  -1.138190 -0.714530 -0.754311 -1.012040 -1.052030 -0.796056 -0.565805 -0.604975 -0.476471 -0.519573 -0.214317  0.065715  0.137710  0.130242  0.356868  0.605939  0.701544  0.609471  0.658774  1.011550  1.219830  1.256220  1.599480  1.706020  1.751310  1.805860  1.782520  1.780440  2.014020  2.462410  2.501590  2.302130  2.173270  2.015040  1.661970  1.206610  0.985904  0.959621  1.054510  0.916785  0.605350  0.533212  0.438741  0.242321 -0.072055 -0.227805 -0.371083 -0.588772 -0.681858 -0.711932 -0.561730 -0.677719 -0.921131 -0.985562 -0.874773 -1.066740 -1.246480 -1.046220 -1.017990 -1.247040 -1.160450 -1.094800 -0.899247 -0.877607 -1.326590 -1.157870 -1.021610 -0.717996 -0.488569 -0.511304 -1.010770 -0.895518 -0.800086 -0.577705 -0.652419 
Shapelet  98   0.992550  0.904805  0.829430  0.653328  0.484145  0.382502  0.352833  0.338208  0.219386  0.116964  0.023732  0.003659 -0.092987 -0.185560 -0.304682 -0.416291 -0.519753 -0.593692 -0.636645 -0.667889 -0.728059 -0.827115 -0.946549 -1.055000 -1.151410 -1.317360 -1.383160 -1.474900 -1.508010 -1.563710 -1.543000 -1.519730 -1.479360 -1.455690 -1.443630 -1.401930 -1.337440 -1.251510 -1.143920 -0.998434 -0.855068 -0.697737 -0.536014 -0.321824 -0.128754  0.078724  0.292006  0.545854  0.759288  0.972917  1.186720  1.400680  1.657020  1.868270  2.076970  2.282410  2.192950  1.981770  1.770770  1.559080  1.304280  1.092560  0.880353  0.668623  0.456713  0.292006  0.095151 -0.048229 -0.137794 -0.286120 -0.346589 -0.432359 -0.539637 -0.626673 -0.702459 
Shapelet 106  -0.104624 -0.135296 -0.262899 -0.318010 -0.330134 -0.380933 -0.467831 -0.560283 -0.702253 -0.850122 -0.821773 -0.937059 -1.088780 -1.228800 -1.350550 -1.479460 -1.591440 -1.657640 -1.698530 -1.559680 -1.356240 -1.145630 -0.926364 -0.702526 -0.475133 -0.217527  0.011262  0.237125  0.463160  0.689339  0.911584  1.133830  1.352240  1.574520  1.796800  2.035060  2.154620  1.959910  1.713030  1.486330  1.264240  1.042180  0.820147  0.593394  0.371342  0.144617 -0.086375 -0.316693 -0.546178 -0.804737 -1.034320 -1.257380 -1.476250 -1.560470 -1.407970 -1.316540 -1.206060 -1.027990 -0.888694 -0.856897 -0.887818 -0.813951 -0.819068 -0.863978 -1.041920 -1.050310 -0.925919 -1.017670 -1.013520 -0.873546 -0.826477 -0.814945 -0.756072 -0.788512 -0.721403 
Shapelet 108  -0.345890 -0.399864 -0.422527 -0.484892 -0.492522 -0.516507 -0.528389 -0.536256 -0.609286 -0.655220 -0.658814 -0.698136 -0.694361 -0.754330 -0.767927 -0.817425 -0.847683 -0.968047 -0.956670 -0.928665 -0.837512 -0.891424 -0.997959 -1.147400 -1.323570 -1.448360 -1.557060 -1.527080 -1.287530 -1.033270 -0.803846 -0.574410 -0.354801 -0.125322  0.129222  0.349175  0.578670  0.808165  1.037660  1.292310  1.521800  1.751300  1.980790  2.182580  2.216190  2.011430  1.807470  1.586740  1.357350  1.102530  0.881863  0.652445  0.423037  0.193640 -0.061174 -0.281830 -0.511255 -0.740669 -0.970068 -1.224880 -1.462710 -1.643230 -1.654930 -1.587130 -1.491710 -1.270550 -1.061740 -1.018200 -0.932504 -0.910541 -0.856511 -0.823967 -0.786028 -0.765122 -0.694101 
Shapelet 111  -0.481232 -0.435129 -0.464227 -0.628965 -0.924376 -1.132020 -1.177710 -1.016790 -1.004690 -1.122740 -1.243770 -1.302620 -1.413290 -1.348200 -1.100480 -0.939740 -0.813224 -0.738649 -0.659610 -0.572246 -0.472314 -0.382764 -0.270279 -0.289474 -0.226123 -0.228520 -0.362684 -0.123945  0.158428  0.431722  0.710980  0.987477  1.266710  1.543290  1.819970  2.068410  2.350230  2.586840  2.451940  2.173610  1.898030  1.620630  1.343240  1.065880  0.788542  0.509868  0.232516  0.044457  0.201701  0.253718  0.232066  0.192174  0.148457  0.098123 -0.065315 -0.167295 -0.415950 -0.680197 -0.833307 -0.838272 -0.872185 -0.940985 -0.974319 -0.944255 -1.015670 -1.061170 -1.079540 -0.978571 -0.879500 -0.693273 -0.638158 -0.561152 -0.810237 -1.056640 -1.314480 
Shapelet 123  -0.705317 -0.357184 -0.006922  0.322873  0.673191  1.025260  1.355070  1.707150  2.054110  2.380970  2.728700  2.648910  2.314970  1.964910  1.614900  1.285400  0.933155  0.580908  0.251470 -0.098293 -0.445092 -0.770712 -1.115460 -1.462610 -1.777810 
Shapelet 124  -0.014954 -0.095781 -0.036644 -0.231716 -0.393270 -0.262980 -0.345060 -0.520366 -0.670938 -0.798122 -0.946500 -1.034940 -1.289440 -1.445970 -1.559360 -1.588450 -1.643510 -1.775130 -2.016530 -1.800150 -1.441260 -1.143360 -0.781585 -0.415436 -0.044194 
Shapelet 126  -1.349080 -1.534930 -1.590910 -1.616260 -1.589700 -1.512140 -1.430320 -1.424160 -1.428270 -1.398410 -1.385890 -1.284880 -1.318880 -1.273220 -1.148510 -1.057800 -0.887242 -0.843863 -0.775104 -0.656287 -0.799556 -0.712315 -0.773564 -0.560495 -0.483362 
Shapelet 127   0.711788  0.886282  0.619599  0.458974  0.409964  0.216084  0.167470  0.028880 -0.085734 -0.175660  0.322347  0.866574  1.187280  0.620940  0.073854 -0.473226 -0.451187 -0.742619 -1.015660 -1.254660 -1.804570 -2.129910 -2.559910 -3.048970 -2.617800 -2.171360 -1.711660 -1.272050 -1.059000 -0.688517 -0.298105 -0.012026  0.294836  0.620940  0.919060  0.954365  1.187280  1.223140  1.541500  1.546490  1.576410  1.595070  1.681820  1.611220  1.369380  1.350390  1.171880  1.212900  0.886282  0.600810  0.701134  0.518609  0.502373  0.278299  0.051388 -0.034656 -0.426263 -0.298105 -0.328558 -0.269177 -0.555883 -0.555883 -0.502677 -0.984813 -0.754678 -0.833383 -0.771280 -0.670541 -0.765240 -0.759203 -0.900425 -0.868377 -0.765240 -0.633185 -0.473226 


; cmd = /home/jgrabocka/Software/trainFastShapelet /mnt/E/Data/classification/timeseries/SwedishLeaf/folds/default/SwedishLeaf_TRAIN 15 500 75 25 25 10 10 tree_SwedishLeaf time_SwedishLeaf
; time =>   12.700   0.960   7.780   1.160   2.390 
; command = /home/jgrabocka/Software/testFastShapelet /mnt/E/Data/classification/timeseries/SwedishLeaf/folds/default/SwedishLeaf_TEST 15 625 tree_SwedishLeaf time_SwedishLeaf
; accuracy= 70.240   Correct:439 , Wrong: 186


;   == Confusion Matrix ==
;   real |  10   11    8   12   14    1    5   13    6   15    7    2    3    9    4 
;   -----+------------------------------------------------------------------------------------------
;   p 10 |  28    0    0    0    4    0    0    0    0    0    0    0    0    0    1 
;   p 11 |   0   35    0    0    0    2    0    0    0    0    0    0    3    0    0 
;   p  8 |   0    0   22    0    0    0    0    1    2    0    0    1    0    0    0 
;   p 12 |   0    0    3   27    0    0    0    0    1    0    0    2    0    0    0 
;   p 14 |  14    1    0    0   26    3    0    0    9    1    0    1    1    0    2 
;   p  1 |   0    1    0    0    0   21    0    0    0    0    0    0    8   13    0 
;   p  5 |   0    1    1    0    0    0   31    2    0    3    0    0    0    0    1 
;   p 13 |   0    1   12    2    0    0    0   35    0    0    0    0    0    0    0 
;   p  6 |   5    0    0    4    2    0    0    0   24    0    0    6    0    0    1 
;   p 15 |   0    0    0    0    0    0    8    1    4   36    0    0    0    0    3 
;   p  7 |   0    1    0    0    0    0    0    0    0    0   47    0    0    0    0 
;   p  2 |   2    0    3    4    0    0    0    1    3    0    0   29    0    0    1 
;   p  3 |   0    0    0    0    0   10    0    0    0    0    0    0   25    4    0 
;   p  9 |   0    0    0    0    0    8    0    0    0    0    0    0    2   23    0 
;   p  4 |   0    0    3    0    1    2    3    2    2    0    0    0    1    2   30 

