;Shapelet Tree 

;random seed:1392499625, rand()=1507172522, rand()=2082584278
;command = /home/jgrabocka/Software/trainFastShapelet /mnt/E/Data/classification/timeseries/MedicalImages/folds/default/MedicalImages_TRAIN 10 381 57 19 19 10 10 tree_MedicalImages time_MedicalImages 

;Local Class:   0  1  2  3  4  5  6  7  8  9 
;Real  Class:  10  4  9  1  3  7  2  5  8  6 

;Node ID class   obj  pos  len  dist_th 
TreeSize: 246 
NonL  1    --     15   73   19   2.7240 ==>  65   5  30  35  18  16  10   6   6   1  / 138  11  16   0   7   2   5   4   0   6 
NonL  2    --      2   19   57   3.2797 ==>  58   3  26  32  16   0   6   1   6   0  /   7   2   4   3   2  16   4   5   0   1 
NonL  3    --     82   13   19   1.2372 ==> 108   4  12   0   0   0   4   0   0   0  /  30   7   4   0   7   2   1   4   0   6 
NonL  4    --      1   19   57   1.7503 ==>  23   2   5  25  14   0   2   0   0   0  /  35   1  21   7   2   0   4   1   6   0 
NonL  5    --     39   41   57   2.8656 ==>   6   0   4   3   0   3   2   0   0   1  /   1   2   0   0   2  13   2   5   0   0 
NonL  6    --     15   28   57   5.9824 ==>  81   4   0   0   0   0   4   0   0   0  /  27   0  12   0   0   0   0   0   0   0 
NonL  7    --      1    8   38   1.7018 ==>  26   4   4   0   7   0   0   0   0   0  /   4   3   0   0   0   2   1   4   0   6 
NonL  8    --     48   33   57   3.0203 ==>   6   2   4   1  14   0   1   0   0   0  /  17   0   1  24   0   0   1   0   0   0 
NonL  9    --     69   16   57   3.0839 ==>   9   0  15   3   0   0   0   0   6   0  /  26   1   6   4   2   0   4   1   0   0 
NonL 10    --      1   25   38   1.6594 ==>   0   0   3   3   0   0   2   0   0   0  /   6   0   1   0   0   3   0   0   0   1 
NonL 11    --      5   57   38   1.9986 ==>   0   1   0   0   0  13   2   1   0   0  /   1   1   0   0   2   0   0   4   0   0 
Leaf 12    10    
NonL 13    --     10   14   38   1.3796 ==>   2   0   9   0   0   0   0   0   0   0  /  25   0   3   0   0   0   0   0   0   0 
NonL 14    --      4   42   57   2.8433 ==>   7   4   2   0   7   0   0   0   0   0  /  19   0   2   0   0   0   0   0   0   0 
NonL 15    --      2   17   19   1.5491 ==>   1   1   0   0   0   2   0   0   0   6  /   3   2   0   0   0   0   1   4   0   0 
NonL 16    --     23   17   38   1.0358 ==>   6   0   2   0   0   0   0   0   0   0  /   0   2   2   1  14   0   1   0   0   0 
NonL 17    --      0   22   57   2.1576 ==>   0   0   0   9   0   0   1   0   0   0  /  17   0   1  15   0   0   0   0   0   0 
NonL 18    --      7   14   57   1.8848 ==>   3   0   0   3   0   0   0   0   2   0  /   6   0  15   0   0   0   0   0   4   0 
NonL 19    --      3    9   57   2.6541 ==>  21   0   3   0   0   0   0   0   0   0  /   5   1   3   4   2   0   4   1   0   0 
NonL 20    --      0   61   19   0.9975 ==>   0   0   3   0   0   0   0   0   0   0  /   0   0   0   3   0   0   2   0   0   0 
NonL 21    --      0   61   19   1.3545 ==>   0   0   1   0   0   2   0   0   0   0  /   6   0   0   0   0   1   0   0   0   1 
NonL 22    --      0   50   38   2.6742 ==>   0   0   0   0   0  13   1   1   0   0  /   0   1   0   0   0   0   1   0   0   0 
NonL 23    --      0   37   57   3.1255 ==>   0   1   0   0   2   0   0   0   0   0  /   1   0   0   0   0   0   0   4   0   0 
NonL 26    --      0   55   38   0.7597 ==>   2   0   0   0   0   0   0   0   0   0  /   0   0   9   0   0   0   0   0   0   0 
NonL 27    --      6   79   19   0.8017 ==>   2   0   3   0   0   0   0   0   0   0  /  23   0   0   0   0   0   0   0   0   0 
NonL 28    --      2    9   38   2.3108 ==>   6   2   2   0   0   0   0   0   0   0  /   1   2   0   0   7   0   0   0   0   0 
Leaf 29    10    
NonL 30    --      2   54   19   1.4068 ==>   0   0   0   0   0   0   0   0   0   6  /   1   1   0   0   0   2   0   0   0   0 
NonL 31    --      0    1   19   1.2173 ==>   0   0   0   0   0   0   1   4   0   0  /   3   2   0   0   0   0   0   0   0   0 
NonL 32    --      6    8   57   2.2202 ==>   0   0   2   0   0   0   0   0   0   0  /   6   0   0   0   0   0   0   0   0   0 
NonL 33    --      0    2   19   1.2494 ==>   0   2   0   0  14   0   1   0   0   0  /   0   0   2   1   0   0   0   0   0   0 
Leaf 34     1    
NonL 35    --     32   46   38   1.8527 ==>   1   0   1   8   0   0   0   0   0   0  /  16   0   0   7   0   0   0   0   0   0 
NonL 36    --      2   36   57   1.5865 ==>   3   0   0   0   0   0   0   0   2   0  /   0   0   0   3   0   0   0   0   0   0 
NonL 37    --      1   31   57   1.7036 ==>   0   0  10   0   0   0   0   0   0   0  /   6   0   5   0   0   0   0   0   4   0 
NonL 38    --      2   56   38   1.2417 ==>   8   0   3   0   0   0   0   0   0   0  /  13   0   0   0   0   0   0   0   0   0 
NonL 39    --     13    4   38   1.5423 ==>   4   0   3   0   0   0   0   1   0   0  /   1   1   0   4   2   0   4   0   0   0 
Leaf 40     9    
NonL 41    --      0   14   38   1.7786 ==>   0   0   0   3   0   0   0   0   0   0  /   0   0   0   0   0   0   2   0   0   0 
NonL 42    --      1    3   19   1.2770 ==>   0   0   0   0   0   2   0   0   0   0  /   0   0   1   0   0   0   0   0   0   0 
NonL 43    --      1   66   19   0.8597 ==>   0   0   0   0   0   1   0   0   0   1  /   6   0   0   0   0   0   0   0   0   0 
NonL 44    --      5   50   38   2.4658 ==>   0   0   0   0   0   1   1   1   0   0  /   0   0   0   0   0  12   0   0   0   0 
NonL 45    --      0   23   57   0.8991 ==>   0   0   0   0   0   0   1   0   0   0  /   0   1   0   0   0   0   0   0   0   0 
NonL 46    --      1   20   19   2.0189 ==>   0   0   0   0   2   0   0   0   0   0  /   0   1   0   0   0   0   0   0   0   0 
NonL 47    --      3   52   38   1.1230 ==>   1   0   0   0   0   0   0   0   0   0  /   0   0   0   0   0   0   0   4   0   0 
Leaf 52    10    
Leaf 53     9    
NonL 54    --      0   13   19   0.7439 ==>   0   0   3   0   0   0   0   0   0   0  /   2   0   0   0   0   0   0   0   0   0 
Leaf 55    10    
NonL 56    --      2   36   38   0.7596 ==>   0   2   0   0   0   0   0   0   0   0  /   6   0   2   0   0   0   0   0   0   0 
NonL 57    --      7   73   19   1.1519 ==>   1   1   0   0   0   0   0   0   0   0  /   0   1   0   0   7   0   0   0   0   0 
Leaf 60     6    
NonL 61    --      1   23   57   4.0847 ==>   1   1   0   0   0   0   0   0   0   0  /   0   0   0   0   0   2   0   0   0   0 
NonL 62    --      4   44   38   0.6151 ==>   0   0   0   0   0   0   1   0   0   0  /   0   0   0   0   0   0   0   4   0   0 
NonL 63    --      1   32   57   6.6843 ==>   3   0   0   0   0   0   0   0   0   0  /   0   2   0   0   0   0   0   0   0   0 
Leaf 64     9    
Leaf 65    10    
NonL 66    --      5   27   57   1.6917 ==>   0   2   0   0   0   0   1   0   0   0  /   0   0   0   0  14   0   0   0   0   0 
NonL 67    --      2   59   38   0.8180 ==>   0   0   0   1   0   0   0   0   0   0  /   0   0   2   0   0   0   0   0   0   0 
NonL 70    --      6   44   38   0.6343 ==>   0   0   1   0   0   0   0   0   0   0  /   1   0   0   8   0   0   0   0   0   0 
NonL 71    --      0   44   38   3.2128 ==>  15   0   0   2   0   0   0   0   0   0  /   1   0   0   5   0   0   0   0   0   0 
NonL 72    --      0   14   19   0.5942 ==>   0   0   0   0   0   0   0   0   2   0  /   3   0   0   0   0   0   0   0   0   0 
Leaf 73     1    
Leaf 74     9    
NonL 75    --      0   12   57   3.0060 ==>   0   0   1   0   0   0   0   0   4   0  /   6   0   4   0   0   0   0   0   0   0 
NonL 76    --      2   77   19   1.0868 ==>   8   0   0   0   0   0   0   0   0   0  /   0   0   3   0   0   0   0   0   0   0 
Leaf 77    10    
NonL 78    --      3   30   19   1.2701 ==>   0   0   3   0   0   0   0   1   0   0  /   4   0   0   0   0   0   0   0   0   0 
NonL 79    --     10   39   57   2.9105 ==>   0   1   0   4   0   0   1   0   0   0  /   1   0   0   0   2   0   3   0   0   0 
Leaf 82     1    
Leaf 83     2    
Leaf 84     7    
Leaf 85     9    
NonL 86    --      0   21   57   2.0198 ==>   0   0   0   0   0   0   0   0   0   1  /   0   0   0   0   0   1   0   0   0   0 
Leaf 87    10    
NonL 88    --      1    1   57   6.6081 ==>   0   0   0   0   0   1   0   1   0   0  /   0   0   0   0   0   0   1   0   0   0 
Leaf 89     7    
Leaf 90     2    
Leaf 91     4    
Leaf 92     3    
Leaf 93     4    
Leaf 94    10    
Leaf 95     5    
Leaf 108     9    
Leaf 109    10    
Leaf 112     4    
NonL 113    --      0   59   19   0.6492 ==>   1   0   2   0   0   0   0   0   0   0  /   5   0   0   0   0   0   0   0   0   0 
NonL 114    --      0   28   57   3.4605 ==>   1   0   0   0   0   0   0   0   0   0  /   0   1   0   0   0   0   0   0   0   0 
NonL 115    --      2   30   57   1.1328 ==>   0   1   0   0   0   0   0   0   0   0  /   0   0   0   0   7   0   0   0   0   0 
NonL 122    --      0   31   57   3.5545 ==>   0   1   0   0   0   0   0   0   0   0  /   1   0   0   0   0   0   0   0   0   0 
Leaf 123     7    
Leaf 124     2    
Leaf 125     5    
Leaf 126    10    
Leaf 127     4    
Leaf 132     4    
Leaf 133     3    
Leaf 134     1    
Leaf 135     9    
Leaf 140     9    
Leaf 141     1    
Leaf 142    10    
Leaf 143     1    
Leaf 144     8    
Leaf 145    10    
Leaf 150     8    
Leaf 151    10    
Leaf 152    10    
Leaf 153     9    
Leaf 156     9    
Leaf 157    10    
Leaf 158     1    
Leaf 159     2    
Leaf 172     6    
Leaf 173     7    
Leaf 176     7    
Leaf 177     2    
Leaf 226     9    
Leaf 227    10    
Leaf 228    10    
Leaf 229     4    
Leaf 230     4    
Leaf 231     3    
Leaf 244     4    
Leaf 245    10    

;Shapelet id   <data>
Shapelet   1  -0.478413 -0.514759 -0.516014 -0.496499 -0.497432 -0.521546 -0.531831 -0.515285 -0.503365 -0.522549 -0.547277 -0.544085 -0.523580 -0.521472 -0.538602 -0.544412 -0.537304 -0.546901 -0.576093 
Shapelet   2   1.495093  1.582987  1.420792  0.909493  0.270697 -0.180155 -0.323279 -0.281097 -0.259405 -0.329528 -0.420107 -0.448802 -0.429848 -0.422160 -0.435566 -0.454204 -0.467395 -0.487427 -0.490350 -0.462625 -0.432027 -0.445985 -0.486764 -0.491847 -0.451972 -0.428668 -0.469544 -0.526263 -0.534106 -0.497133 -0.477386 -0.501745 -0.535501 -0.544218 -0.542586 -0.562528 -0.596973 -0.608567 -0.579011 -0.536779 -0.521470 -0.540035 -0.560929 -0.555622 -0.533410 -0.527250 -0.548677 -0.570072 -0.564152 -0.539161 -0.528627 -0.546757 -0.578102 -0.600541 -0.604561 -0.589384 -0.562646 
Shapelet   3   2.298484  1.823101  1.311514  0.798086  0.315343 -0.108649 -0.452431 -0.702551 -0.854233 -0.911167 -0.884550 -0.791475 -0.652876 -0.491250 -0.328397 -0.183405 -0.071042 -0.000742  0.023801 
Shapelet   4   1.495093  1.582987  1.420792  0.909493  0.270697 -0.180155 -0.323279 -0.281097 -0.259405 -0.329528 -0.420107 -0.448802 -0.429848 -0.422160 -0.435566 -0.454204 -0.467395 -0.487427 -0.490350 -0.462625 -0.432027 -0.445985 -0.486764 -0.491847 -0.451972 -0.428668 -0.469544 -0.526263 -0.534106 -0.497133 -0.477386 -0.501745 -0.535501 -0.544218 -0.542586 -0.562528 -0.596973 -0.608567 -0.579011 -0.536779 -0.521470 -0.540035 -0.560929 -0.555622 -0.533410 -0.527250 -0.548677 -0.570072 -0.564152 -0.539161 -0.528627 -0.546757 -0.578102 -0.600541 -0.604561 -0.589384 -0.562646 
Shapelet   5  -0.071781 -0.082439 -0.088430 -0.117310 -0.136615 -0.131186 -0.139721 -0.171943 -0.183771 -0.172734 -0.187996 -0.228048 -0.248022 -0.250942 -0.279797 -0.324805 -0.348532 -0.356546 -0.380251 -0.408659 -0.413729 -0.406044 -0.419129 -0.451818 -0.468727 -0.458579 -0.451068 -0.468442 -0.486487 -0.478972 -0.461995 -0.469032 -0.496085 -0.515844 -0.519288 -0.517267 -0.510809 -0.493553 -0.479213 -0.493021 -0.526150 -0.533848 -0.506037 -0.489387 -0.508213 -0.521163 -0.503175 -0.492338 -0.511706 -0.524863 -0.514997 -0.516913 -0.538724 -0.542386 -0.522984 -0.521010 -0.543546 
Shapelet   6   0.139421  0.041539 -0.040351 -0.104990 -0.151594 -0.179872 -0.190058 -0.182839 -0.159389 -0.121320 -0.070635 -0.009666  0.058987  0.132531  0.208061  0.282640  0.353381  0.417526  0.472521  0.516089  0.546286  0.561553  0.560745  0.543178  0.508641  0.457379  0.390086  0.307882  0.212270  0.105092 -0.011528 -0.135255 -0.263602 -0.394011 -0.523922 -0.650843 -0.772420 -0.886497 -0.991173 -1.084855 -1.166263 -1.234487 -1.288985 -1.329596 -1.356518 -1.370298 -1.371797 -1.362156 -1.342747 -1.315127 -1.280981 -1.242066 -1.200160 -1.157001 -1.114241 -1.073403 -1.035834 
Shapelet   7   2.771759  2.079724  1.361470  0.718099  0.223731 -0.085303 -0.214027 -0.201515 -0.106867  0.007466  0.091302  0.117002  0.081656  0.002950 -0.090048 -0.167851 -0.209661 -0.208741 -0.172593 -0.118776 -0.068199 -0.038196 -0.037584 -0.065016 -0.110646 -0.160228 -0.200073 -0.221087 -0.220943 -0.203767 -0.177844 -0.152355 -0.134315 -0.126708 -0.128300 -0.134924 -0.141609 -0.144689 
Shapelet   8   0.496821  0.547234  0.543810  0.527250  0.580296  0.783772  1.144395  1.542117  1.764889  1.629517  1.115087  0.407117 -0.207132 -0.519087 -0.517009 -0.363346 -0.252967 -0.273525 -0.381496 -0.478167 -0.504129 -0.476710 -0.447744 -0.447829 -0.471924 -0.497435 -0.513100 -0.524490 -0.534929 -0.540053 -0.535494 -0.522735 -0.514044 -0.519161 -0.531972 -0.542750 -0.546554 -0.545147 -0.549918 -0.563476 -0.578118 -0.588263 -0.592181 -0.593673 -0.598361 -0.606951 -0.616284 -0.624021 -0.630475 -0.639002 -0.650810 -0.661125 -0.664204 -0.658870 -0.650130 -0.646369 -0.651777 
Shapelet   9   0.733615  0.450122  0.262288  0.166804  0.149102  0.186499  0.252170  0.319318  0.364956  0.372797  0.334885  0.251869  0.131982 -0.011002 -0.160450 -0.299733 -0.414755 -0.495871 -0.538985 -0.545628 -0.522189 -0.478460 -0.425817 -0.375364 -0.336208 -0.314377 -0.312255 -0.328674 -0.359554 -0.398932 -0.440177 -0.477162 -0.505167 -0.521519 -0.525764 -0.519457 -0.505649 -0.488186 -0.470989 -0.457334 -0.449411 -0.448114 -0.453057 -0.462826 -0.475364 -0.488427 -0.500023 -0.508668 -0.513631 -0.514942 -0.513286 -0.509787 -0.505755 -0.502436 -0.500796 -0.501391 -0.504341 
Shapelet  10   0.463587  0.396878  0.303211  0.272081  0.289375  0.269824  0.203101  0.164213  0.180821  0.187347  0.134592  0.073804  0.079145  0.140829  0.170842  0.124630  0.047742  0.017383  0.033910  0.038355 -0.001142 -0.036826 -0.024874  0.001503 -0.031410 -0.124031 -0.197593 -0.197578 -0.164805 -0.172157 -0.224878 -0.260925 -0.242207 -0.213580 -0.237060 -0.301706 -0.331769 -0.305271 
Shapelet  11   0.083535  0.093808  0.147394  0.120215  0.016697 -0.047066 -0.037501 -0.061708 -0.190982 -0.340720 -0.402581 -0.386200 -0.383197 -0.420930 -0.460635 -0.485337 -0.520223 -0.555716 -0.545106 -0.492410 -0.471235 -0.525595 -0.591030 -0.586221 -0.521515 -0.486687 -0.525607 -0.595703 -0.638803 -0.651686 -0.667222 -0.698677 -0.734671 -0.757220 -0.756806 -0.733527 -0.713404 -0.734904 
Shapelet  13   2.680481  2.579253  2.420459  2.210718  1.958473  1.673586  1.366872  1.049593  0.732947  0.427568  0.143074 -0.112332 -0.332175 -0.511902 -0.649019 -0.743089 -0.795634 -0.809949 -0.790829 -0.744234 -0.676918 -0.596028 -0.508711 -0.421743 -0.341203 -0.272185 -0.218603 -0.183074 -0.166863 -0.169920 -0.190986 -0.227759 -0.277111 -0.335335 -0.398419 -0.462306 -0.523152 -0.577544 
Shapelet  14   0.471175  0.497620  0.617082  0.855041  1.197363  1.589852  1.946744  2.177474  2.206123  1.995233  1.561591  0.975714  0.344151 -0.220793 -0.631669 -0.849269 -0.886603 -0.801299 -0.670601 -0.564562 -0.522852 -0.549179 -0.618278 -0.692853 -0.740998 -0.748918 -0.724730 -0.690455 -0.669953 -0.675525 -0.706218 -0.749022 -0.787248 -0.806549 -0.803721 -0.786372 -0.768642 -0.762938 -0.775467 -0.804891 -0.843360 -0.880237 -0.905369 -0.915718 -0.914569 -0.910481 -0.910485 -0.920988 -0.943678 -0.975313 -1.004503 -1.018409 -1.006898 -0.965090 -0.893978 -0.800406 -0.699862 
Shapelet  15  -0.290189 -0.364395 -0.368832 -0.232583 -0.018924  0.122215  0.092920 -0.033113 -0.046633  0.198920  0.638232  1.041558  1.214322  1.172306  1.107509  1.181815  1.383504  1.552101  1.558836 
Shapelet  16   1.658763  1.624114  1.421311  1.083870  0.676487  0.275278 -0.053135 -0.267549 -0.359800 -0.352344 -0.287826 -0.214449 -0.171743 -0.180791 -0.241265 -0.335102 -0.434943 -0.514150 -0.555096 -0.553522 -0.518059 -0.465726 -0.415392 -0.381515 -0.370168 -0.378337 -0.396313 -0.412021 -0.415735 -0.403100 -0.376457 -0.343517 -0.314396 -0.298160 -0.299890 -0.319278 -0.351202 -0.387627 
Shapelet  17   0.909493  0.270697 -0.180155 -0.323279 -0.281097 -0.259405 -0.329528 -0.420107 -0.448802 -0.429848 -0.422160 -0.435566 -0.454204 -0.467395 -0.487427 -0.490350 -0.462625 -0.432027 -0.445985 -0.486764 -0.491847 -0.451972 -0.428668 -0.469544 -0.526263 -0.534106 -0.497133 -0.477386 -0.501745 -0.535501 -0.544218 -0.542586 -0.562528 -0.596973 -0.608567 -0.579011 -0.536779 -0.521470 -0.540035 -0.560929 -0.555622 -0.533410 -0.527250 -0.548677 -0.570072 -0.564152 -0.539161 -0.528627 -0.546757 -0.578102 -0.600541 -0.604561 -0.589384 -0.562646 -0.545894 -0.559035 -0.592338 
Shapelet  18   2.007912  1.690511  1.384125  1.109254  0.880501  0.705599  0.585161  0.513375  0.479356  0.468996  0.467059  0.459223  0.433850  0.383385  0.304923  0.200273  0.075369 -0.060811 -0.197649 -0.324396 -0.431647 -0.512372 -0.562779 -0.582571 -0.574760 -0.545071 -0.501045 -0.450982 -0.402892 -0.363514 -0.337652 -0.327796 -0.334080 -0.354538 -0.385617 -0.422836 -0.461504 -0.497363 -0.527103 -0.548710 -0.561574 -0.566391 -0.564898 -0.559493 -0.552809 -0.547297 -0.544886 -0.546767 -0.553298 -0.564047 -0.577940 -0.593485 -0.609037 -0.623072 -0.634337 -0.642050 -0.645953 
Shapelet  19   3.149896  2.503880  1.753618  0.993737  0.312315 -0.222194 -0.569992 -0.723622 -0.705913 -0.562926 -0.353537 -0.137787  0.033777  0.127907  0.132379  0.055376 -0.078943 -0.237422 -0.385822 -0.495988 -0.550926 -0.547001 -0.493121 -0.407416 -0.312371 -0.229619 -0.175503 -0.158276 -0.177339 -0.224444 -0.286395 -0.348472 -0.397780 -0.425796 -0.429652 -0.412044 -0.379936 -0.342500 -0.308836 -0.285999 -0.277741 -0.284133 -0.302064 -0.326361 -0.351220 -0.371571 -0.384062 -0.387550 -0.383000 -0.372936 -0.360628 -0.349239 -0.341141 -0.337527 -0.338365 -0.342644 -0.348804 
Shapelet  20  -0.331769 -0.305271 -0.289117 -0.342737 -0.421089 -0.448209 -0.429076 -0.429806 -0.460261 -0.473395 -0.462180 -0.476974 -0.528349 -0.559228 -0.538156 -0.510308 -0.523237 -0.557922 -0.576594 
Shapelet  21  -0.381128 -0.384732 -0.392733 -0.407768 -0.417744 -0.421798 -0.433050 -0.459802 -0.481083 -0.472225 -0.445803 -0.442927 -0.478413 -0.514759 -0.516014 -0.496499 -0.497432 -0.521546 -0.531831 
Shapelet  22   1.026695  1.015032  0.859285  0.602331  0.379321  0.283252  0.293126  0.312756  0.277922  0.218173  0.186693  0.183043  0.150396  0.058886 -0.041114 -0.088048 -0.079924 -0.078099 -0.117767 -0.161531 -0.171932 -0.168417 -0.218720 -0.341172 -0.469649 -0.536171 -0.537272 -0.538200 -0.583274 -0.649254 -0.695109 -0.711231 -0.733034 -0.783331 -0.842333 -0.881077 -0.896911 -0.928143 
Shapelet  23   0.054437 -0.098503 -0.191856 -0.168424 -0.014467  0.230778  0.492402  0.680018  0.721835  0.590451  0.318130 -0.021075 -0.339083 -0.563798 -0.661998 -0.647077 -0.568067 -0.485197 -0.443656 -0.457801 -0.511672 -0.572587 -0.609186 -0.605165 -0.569584 -0.526232 -0.499421 -0.500731 -0.526574 -0.561791 -0.589589 -0.598799 -0.590456 -0.574455 -0.563435 -0.564576 -0.578576 -0.600021 -0.621519 -0.636415 -0.643102 -0.644317 -0.644826 -0.647430 -0.652891 -0.660307 -0.668238 -0.674930 -0.679704 -0.683421 -0.687603 -0.692497 -0.697279 -0.702275 -0.707983 -0.714786 -0.722466 
Shapelet  26  -0.332199 -0.367067 -0.408330 -0.452509 -0.496001 -0.535440 -0.568018 -0.591728 -0.605500 -0.609249 -0.603812 -0.590799 -0.572382 -0.551041 -0.529303 -0.509500 -0.493545 -0.482792 -0.477956 -0.479099 -0.485684 -0.496689 -0.510747 -0.526325 -0.541887 -0.556050 -0.567711 -0.576123 -0.580941 -0.582210 -0.580319 -0.575922 -0.569844 -0.562969 -0.556147 -0.550109 -0.545387 -0.542291 
Shapelet  27  -0.476484 -0.477668 -0.479496 -0.482317 -0.486307 -0.491406 -0.497409 -0.504106 -0.510149 -0.514853 -0.517621 -0.518016 -0.515805 -0.511014 -0.504080 -0.495146 -0.484893 -0.474156 -0.463823 
Shapelet  28   2.381149  2.160321  1.906932  1.671113  1.494368  1.402443  1.401353  1.477126  1.599311  1.727452  1.819215  1.838550  1.762361  1.584496  1.316345  0.984182  0.623871  0.274117 -0.030394 -0.264634 -0.416685 -0.488503 -0.494063 -0.455466 -0.397942 -0.344978 -0.313786 -0.313263 -0.343443 -0.396883 -0.461401 -0.523494 -0.571507 -0.597915 -0.600676 -0.583031 -0.552205 -0.517380 
Shapelet  30   1.183253  1.067376  0.973411  0.921116  0.913682  0.937164  0.962444  0.956681  0.893711  0.767306  0.592239  0.399862  0.229162  0.113631  0.075010  0.113335  0.208733  0.326868  0.428049 
Shapelet  31   4.404343  5.401408  4.459366  2.101167 -0.152263 -1.086346 -0.733723 -0.074284  0.068429 -0.281704 -0.576862 -0.496641 -0.236691 -0.148438 -0.299858 -0.473031 -0.469548 -0.295122 -0.060321 
Shapelet  32   2.692063  2.128014  1.577856  1.154907  0.929514  0.915305  1.069799  1.309689  1.535521  1.658763  1.624114  1.421311  1.083870  0.676487  0.275278 -0.053135 -0.267549 -0.359800 -0.352344 -0.287826 -0.214449 -0.171743 -0.180791 -0.241265 -0.335102 -0.434943 -0.514150 -0.555096 -0.553522 -0.518059 -0.465726 -0.415392 -0.381515 -0.370168 -0.378337 -0.396313 -0.412021 -0.415735 -0.403100 -0.376457 -0.343517 -0.314396 -0.298160 -0.299890 -0.319278 -0.351202 -0.387627 -0.420259 -0.443317 -0.453914 -0.453591 -0.446861 -0.439431 -0.437524 -0.442931 -0.454491 -0.470714 
Shapelet  33   3.213607  3.570287  3.055664  1.904987  0.647432 -0.195718 -0.395188 -0.098707  0.321334  0.534733  0.446496  0.198207  0.010148  0.002837  0.128700  0.245821  0.256322  0.194071  0.198377 
Shapelet  35  -0.233698 -0.240669 -0.248419 -0.256097 -0.262125 -0.265767 -0.267576 -0.268630 -0.270781 -0.275470 -0.282794 -0.290341 -0.295838 -0.298029 -0.297258 -0.295396 -0.295225 -0.298616 -0.304739 -0.311038 -0.314585 -0.313768 -0.308413 -0.301003 -0.294969 -0.292744 -0.294839 -0.300450 -0.308052 -0.315778 -0.322684 -0.328777 -0.334597 -0.340123 -0.345666 -0.351658 -0.358484 -0.366366 
Shapelet  36  -0.055592 -0.043339 -0.013628 -0.003380 -0.040430 -0.126914 -0.234118 -0.321094 -0.365098 -0.370025 -0.359434 -0.359236 -0.376348 -0.398999 -0.412995 -0.413133 -0.408574 -0.413176 -0.428273 -0.444046 -0.451141 -0.448161 -0.445504 -0.453556 -0.469402 -0.481966 -0.484041 -0.478562 -0.477464 -0.488073 -0.503282 -0.510506 -0.503817 -0.489180 -0.481197 -0.488224 -0.504386 -0.517708 -0.520816 -0.517021 -0.516347 -0.524157 -0.535830 -0.542395 -0.538791 -0.527523 -0.518292 -0.519964 -0.534341 -0.554674 -0.569235 -0.570042 -0.559915 -0.549832 -0.549922 -0.561011 -0.573165 
Shapelet  37  -0.249215 -0.281497 -0.287496 -0.276470 -0.261570 -0.253820 -0.257999 -0.272014 -0.289294 -0.302791 -0.308566 -0.307420 -0.304195 -0.305243 -0.315444 -0.336078 -0.364389 -0.394847 -0.421381 -0.439610 -0.448151 -0.448656 -0.444754 -0.440461 -0.440363 -0.443727 -0.448693 -0.454821 -0.461517 -0.468683 -0.475292 -0.480933 -0.486097 -0.491385 -0.497639 -0.503968 -0.509425 -0.513298 -0.514919 -0.514522 -0.511384 -0.506078 -0.500227 -0.495627 -0.493985 -0.495506 -0.499869 -0.506246 -0.513461 -0.520556 -0.526410 -0.530727 -0.533849 -0.536444 -0.539411 -0.542949 -0.547184 
Shapelet  38  -0.328670 -0.319077 -0.314388 -0.314762 -0.319036 -0.325320 -0.331672 -0.336650 -0.339603 -0.340680 -0.340604 -0.340319 -0.340656 -0.344005 -0.347387 -0.350561 -0.353546 -0.356408 -0.359203 -0.362146 -0.364925 -0.367375 -0.369437 -0.371095 -0.372393 -0.373530 -0.374584 -0.375659 -0.376967 -0.378681 -0.380872 -0.383526 -0.386432 -0.389183 -0.391414 -0.392776 -0.392998 -0.391961 
Shapelet  39   4.374245  4.017364  3.042691  1.966937  1.256042  1.099151  1.353646  1.676090  1.745704  1.444437  0.892145  0.339667  0.002511 -0.056278  0.066293  0.202413  0.228440  0.129212 -0.019043 -0.120717 -0.129495 -0.071683 -0.015284 -0.016000 -0.080191 -0.168548 -0.230281 -0.239412 -0.208485 -0.173926 -0.167658 -0.195408 -0.237535 -0.266615 -0.267630 -0.246114 -0.221373 -0.213735 
Shapelet  41   1.310858  1.611193  1.444847  1.285158  1.455945  1.642372  1.517339  1.180772  0.904063  0.803146  0.831650  0.854740  0.799473  0.719841  0.731807  0.829448  0.889215  0.830791  0.732122  0.687190  0.682011  0.607610  0.436980  0.285647  0.291372  0.405657  0.438823  0.301731  0.141610  0.105886  0.118900  0.009112 -0.198108 -0.332194 -0.349492 -0.366266 -0.418941 -0.433550 
Shapelet  42   4.789658  4.760650  3.426276  1.581063  0.134243 -0.442671 -0.302518  0.031973  0.118045 -0.118596 -0.439076 -0.572228 -0.452718 -0.240583 -0.142714 -0.217852 -0.337042 -0.307995 -0.039205 
Shapelet  43  -0.699495 -0.674293 -0.690685 -0.742205 -0.797928 -0.834642 -0.847180 -0.841731 -0.837129 -0.847871 -0.868090 -0.886025 -0.894136 -0.890703 -0.886126 -0.893604 -0.913340 -0.937669 -0.960041 
Shapelet  44   0.298924  0.255124  0.067088 -0.196597 -0.395894 -0.449820 -0.403832 -0.366479 -0.401017 -0.487719 -0.557303 -0.568565 -0.541506 -0.526865 -0.569085 -0.655087 -0.726157 -0.755374 -0.745102 -0.734191 -0.745854 -0.775982 -0.811455 -0.839488 -0.857202 -0.859767 -0.848272 -0.847401 -0.877627 -0.928209 -0.947875 -0.891073 -0.788527 -0.741851 -0.829767 -0.973751 -0.892571 -0.248386 
Shapelet  45  -0.407672 -0.388893 -0.460242 -0.555828 -0.597390 -0.551426 -0.447548 -0.352152 -0.321076 -0.363773 -0.435406 -0.457283 -0.363564 -0.142884  0.162777  0.462958  0.676734  0.778782  0.799841  0.792126  0.790071  0.793091  0.781382  0.747708  0.712144  0.705651  0.740411  0.791291  0.802242  0.719588  0.526701  0.253020 -0.043790 -0.300956 -0.477962 -0.572347 -0.608336 -0.614922 -0.615747 -0.621016 -0.629843 -0.639662 -0.650596 -0.664118 -0.681289 -0.701790 -0.715552 -0.717006 -0.714997 -0.721710 -0.746820 -0.788916 -0.826923 -0.835716 -0.814664 -0.792866 -0.807784 
Shapelet  46   0.083293  0.029642 -0.029056 -0.035962  0.014759  0.078718  0.102448  0.069683  0.016731  0.004665  0.071313  0.200530  0.332279  0.406288  0.406228  0.370846  0.361181  0.408229  0.484214 
Shapelet  47  -0.040703 -0.123975 -0.126184 -0.021259  0.021953 -0.046349 -0.076022 -0.038512 -0.051181 -0.083506 -0.049045 -0.038810 -0.110994 -0.145673 -0.124415 -0.151741 -0.189592 -0.150823 -0.097045 -0.122599 -0.220698 -0.319104 -0.346559 -0.301236 -0.277655 -0.341340 -0.407054 -0.364413 -0.272207 -0.277365 -0.370361 -0.399561 -0.335287 -0.312866 -0.384752 -0.430312 -0.385242 -0.372835 
Shapelet  54   1.434033  0.821597  0.268744 -0.183440 -0.508787 -0.697960 -0.758094 -0.710357 -0.585861 -0.420623 -0.250310 -0.105529 -0.008244  0.030200  0.009370 -0.061576 -0.166467 -0.285463 -0.398598 
Shapelet  56   0.797785  0.599049  0.287135 -0.062498 -0.360942 -0.543883 -0.590710 -0.537803 -0.453460 -0.399294 -0.399365 -0.441229 -0.491720 -0.521329 -0.520961 -0.503392 -0.490238 -0.493405 -0.510933 -0.530467 -0.539408 -0.532436 -0.516791 -0.505693 -0.508253 -0.523742 -0.543979 -0.558459 -0.558903 -0.545872 -0.527303 -0.513493 -0.509243 -0.515751 -0.530003 -0.546027 -0.557942 -0.564071 
Shapelet  57  -0.585621 -0.578787 -0.575324 -0.577304 -0.581750 -0.587019 -0.592482 -0.598180 -0.604653 -0.612172 -0.619833 -0.625022 -0.625478 -0.620702 -0.612433 -0.604633 -0.601767 -0.606459 -0.618176 
Shapelet  61  -0.434992 -0.512654 -0.507207 -0.435386 -0.355587 -0.314456 -0.312050 -0.293919 -0.189251  0.034173  0.345964  0.630908  0.769813  0.725905  0.570128  0.432235  0.407780  0.487433  0.566379  0.524073  0.317117  0.016941 -0.242376 -0.362701 -0.346858 -0.284664 -0.272928 -0.340286 -0.440231 -0.504097 -0.501382 -0.458455 -0.425119 -0.427397 -0.457020 -0.489206 -0.506711 -0.513906 -0.522493 -0.537735 -0.559121 -0.577975 -0.588852 -0.593709 -0.590261 -0.584300 -0.586508 -0.602529 -0.626489 -0.636153 -0.611090 -0.565215 -0.544347 -0.585487 -0.670563 -0.717668 -0.641147 
Shapelet  62  -0.042127 -0.005908  0.050768  0.083242  0.060568 -0.010359 -0.087528 -0.129362 -0.129435 -0.120703 -0.147923 -0.227400 -0.328438 -0.402601 -0.422244 -0.398699 -0.373680 -0.380717 -0.415579 -0.450515 -0.461355 -0.446925 -0.431954 -0.440247 -0.469778 -0.500587 -0.512674 -0.501122 -0.482889 -0.478388 -0.492607 -0.516558 -0.537044 -0.546593 -0.550659 -0.559602 -0.576552 -0.598142 
Shapelet  63   0.560527  0.601715  0.667800  0.733574  0.773456  0.770179  0.720589  0.636533  0.540548  0.458054  0.408754  0.400218  0.425824  0.467605  0.502893  0.512322  0.486387  0.428338  0.352499  0.278805  0.225565  0.203057  0.210248  0.235516  0.261153  0.269829  0.249551  0.201093  0.134139  0.063766  0.005863 -0.028970 -0.036237 -0.018893  0.013633  0.051788  0.090272  0.131433  0.185874  0.263804  0.370742  0.501806  0.637791  0.751180  0.805452  0.766434  0.612016  0.338139 -0.033666 -0.465099 -0.907606 -1.312458 -1.642036 -1.874012 -2.007072 -2.058761 -2.057781 
Shapelet  66   0.102903  0.291184  0.443793  0.478605  0.369362  0.162443 -0.039593 -0.121342 -0.007691  0.297206  0.703264  1.065562  1.241066  1.146669  0.797830  0.301752 -0.190421 -0.543737 -0.687378 -0.638109 -0.484863 -0.337614 -0.275298 -0.316354 -0.422531 -0.529495 -0.582797 -0.565497 -0.501136 -0.433966 -0.401461 -0.416843 -0.466994 -0.524376 -0.562837 -0.571548 -0.557176 -0.536279 -0.523089 -0.523756 -0.535460 -0.550695 -0.561406 -0.564796 -0.563234 -0.561586 -0.562211 -0.565759 -0.571356 -0.578012 -0.583955 -0.589264 -0.594985 -0.602996 -0.611562 -0.620539 -0.630061 
Shapelet  67  -0.467936 -0.468663 -0.472159 -0.477279 -0.481972 -0.486061 -0.489587 -0.492729 -0.496494 -0.499729 -0.502796 -0.506178 -0.510332 -0.516048 -0.522989 -0.530479 -0.538436 -0.546681 -0.554892 -0.563160 -0.570090 -0.575457 -0.579373 -0.582240 -0.584802 -0.587597 -0.591008 -0.595426 -0.600964 -0.607402 -0.614441 -0.620951 -0.626118 -0.629227 -0.629780 -0.627684 -0.623034 -0.616286 
Shapelet  70  -0.278775 -0.295914 -0.310321 -0.318912 -0.321895 -0.321389 -0.320257 -0.322693 -0.331183 -0.344003 -0.357955 -0.370315 -0.380645 -0.389136 -0.398562 -0.410992 -0.425215 -0.437021 -0.442679 -0.441167 -0.433721 -0.425306 -0.421831 -0.426794 -0.437628 -0.449301 -0.456449 -0.455945 -0.448537 -0.439298 -0.434546 -0.437713 -0.448883 -0.465025 -0.481731 -0.494501 -0.501979 -0.505712 
Shapelet  71  -0.416974 -0.439605 -0.442668 -0.426251 -0.403784 -0.390657 -0.391784 -0.405044 -0.423518 -0.437337 -0.444816 -0.449213 -0.452764 -0.456718 -0.462040 -0.469375 -0.479974 -0.494540 -0.510599 -0.523507 -0.530529 -0.532480 -0.533212 -0.537945 -0.549182 -0.563262 -0.573550 -0.574029 -0.562131 -0.541548 -0.520665 -0.507520 -0.506237 -0.515487 -0.529004 -0.539128 -0.541563 -0.537297 
Shapelet  72   1.003289  0.836196  0.815057  0.913450  1.033080  1.075910  0.996565  0.811832  0.576408  0.350698  0.178629  0.080927  0.057779  0.089272  0.138914  0.165143  0.137977  0.052594 -0.068460 
Shapelet  75   0.178789  0.618864  0.888571  0.886288  0.650115  0.315979  0.040212 -0.073342 -0.010840  0.161436  0.342176  0.448727  0.452448  0.381217  0.293599  0.241747  0.244132  0.279839  0.305301  0.281365  0.195757  0.068803 -0.058474 -0.146317 -0.175814 -0.156624 -0.120214 -0.103065 -0.129161 -0.199893 -0.295884 -0.387812 -0.450686 -0.472626 -0.459082 -0.427149 -0.398672 -0.383890 -0.385992 -0.401742 -0.423019 -0.440576 -0.448042 -0.445196 -0.436276 -0.427821 -0.423490 -0.425881 -0.434692 -0.447862 -0.461310 -0.472278 -0.479846 -0.484864 -0.488424 -0.491612 -0.495800 
Shapelet  76  -0.368306 -0.367560 -0.369889 -0.378354 -0.390914 -0.402190 -0.407345 -0.405296 -0.399639 -0.395995 -0.397731 -0.403974 -0.411766 -0.418952 -0.425438 -0.432973 -0.442333 -0.451110 -0.455091 
Shapelet  78   0.058702 -0.026017 -0.015783 -0.019946 -0.080737 -0.147085 -0.163720 -0.143874 -0.147718 -0.199033 -0.258052 -0.277578 -0.261418 -0.251166 -0.268661 -0.298192 -0.310630 -0.295988 -0.264623 
Shapelet  79   0.016608  0.178635  0.298476  0.365646  0.377043  0.336335  0.252548  0.138137  0.006902 -0.127887 -0.255088 -0.366644 -0.457956 -0.527706 -0.577258 -0.609830 -0.629514 -0.640462 -0.646287 -0.649680 -0.652313 -0.654948 -0.657694 -0.660323 -0.662496 -0.664012 -0.664884 -0.665330 -0.665692 -0.666314 -0.667436 -0.669122 -0.671239 -0.673521 -0.675658 -0.677406 -0.678676 -0.679591 -0.680773 -0.682306 -0.684641 -0.688237 -0.693359 -0.699984 -0.707760 -0.716446 -0.725700 -0.732952 -0.737517 -0.739087 -0.737773 -0.734069 -0.728780 -0.723130 -0.717972 -0.714067 -0.712140 
Shapelet  86  -0.055529  0.262696  0.579063  0.839159  1.019675  1.142976  1.261087  1.409314  1.571945  1.693559  1.723986  1.665746  1.581868  1.548553  1.592860  1.677249  1.724776  1.686533  1.587067  1.492889  1.454409  1.464666  1.464096  1.393680  1.250374  1.090911  0.986554  0.967245  0.993925  0.982704  0.863058  0.622535  0.310940  0.010901 -0.208943 -0.327830 -0.370779 -0.387511 -0.427635 -0.511663 -0.622862 -0.727045 -0.789457 -0.791201 -0.748718 -0.699495 -0.674293 -0.690685 -0.742205 -0.797928 -0.834642 -0.847180 -0.841731 -0.837129 -0.847871 -0.868090 -0.886025 
Shapelet  88   4.872502  5.490833 -0.408053 -2.238217 -0.335415 -0.801392 -1.481016 -0.706971 -0.850176 -1.237339 -0.774112 -0.703741 -0.959388 -0.493879  0.246946  0.420003  0.403526  0.796674  1.119549  1.048220  1.243779  1.696374  1.670185  1.157662  0.712393  0.581532  0.607296  0.536024  0.410632  0.386927  0.301969  0.081632 -0.039674 -0.097182 -0.260822 -0.365461 -0.361671 -0.431535 -0.471129 -0.383351 -0.418063 -0.615728 -0.681366 -0.571061 -0.535806 -0.665493 -0.806105 -0.860779 -0.892989 -0.896201 -0.781311 -0.687079 -0.791282 -0.871195 -0.754173 -0.683390 -0.628851 
Shapelet 113  -0.636555 -0.655871 -0.687753 -0.723760 -0.755943 -0.778643 -0.789477 -0.789335 -0.781596 -0.770865 -0.763242 -0.759467 -0.761121 -0.768316 -0.779757 -0.793247 -0.806766 -0.817647 -0.824466 
Shapelet 114  -0.523096 -0.472096 -0.382966 -0.283856 -0.201341 -0.154402 -0.150933 -0.187313 -0.250772 -0.323665 -0.388720 -0.432385 -0.448140 -0.437079 -0.406593 -0.367729 -0.332254 -0.309200 -0.303152 -0.313876 -0.336965 -0.365510 -0.392342 -0.411617 -0.419859 -0.416813 -0.404942 -0.388465 -0.372201 -0.360392 -0.355477 -0.358132 -0.367264 -0.380489 -0.394850 -0.407660 -0.416475 -0.420013 -0.418147 -0.411856 -0.402995 -0.395940 -0.390107 -0.387667 -0.390462 -0.399276 -0.413495 -0.431585 -0.449869 -0.464701 -0.473183 -0.473754 -0.466739 -0.454707 -0.441508 -0.431821 -0.430272 
Shapelet 115   0.239106  0.078079 -0.107177 -0.253949 -0.283329 -0.144922  0.142095  0.485594  0.753254  0.834428  0.694227  0.396756  0.054567 -0.220298 -0.365200 -0.386251 -0.340900 -0.297771 -0.297188 -0.338507 -0.392446 -0.425724 -0.424248 -0.399547 -0.377638 -0.376466 -0.400228 -0.438795 -0.474947 -0.495032 -0.496919 -0.487839 -0.476131 -0.470120 -0.473980 -0.485783 -0.499551 -0.510117 -0.516776 -0.516897 -0.511120 -0.504030 -0.501937 -0.509345 -0.525960 -0.544370 -0.549095 -0.530049 -0.490734 -0.449140 -0.428435 -0.442615 -0.483329 -0.518045 -0.509618 -0.443323 -0.341781 
Shapelet 122  -0.189251  0.034173  0.345964  0.630908  0.769813  0.725905  0.570128  0.432235  0.407780  0.487433  0.566379  0.524073  0.317117  0.016941 -0.242376 -0.362701 -0.346858 -0.284664 -0.272928 -0.340286 -0.440231 -0.504097 -0.501382 -0.458455 -0.425119 -0.427397 -0.457020 -0.489206 -0.506711 -0.513906 -0.522493 -0.537735 -0.559121 -0.577975 -0.588852 -0.593709 -0.590261 -0.584300 -0.586508 -0.602529 -0.626489 -0.636153 -0.611090 -0.565215 -0.544347 -0.585487 -0.670563 -0.717668 -0.641147 -0.431174 -0.167518  0.048812  0.183633  0.285459  0.401653  0.497367  0.481478 


; cmd = /home/jgrabocka/Software/trainFastShapelet /mnt/E/Data/classification/timeseries/MedicalImages/folds/default/MedicalImages_TRAIN 10 381 57 19 19 10 10 tree_MedicalImages time_MedicalImages
; time =>    6.920   0.540   4.340   0.890   0.970 
; command = /home/jgrabocka/Software/testFastShapelet /mnt/E/Data/classification/timeseries/MedicalImages/folds/default/MedicalImages_TEST 10 760 tree_MedicalImages time_MedicalImages
; accuracy= 52.237   Correct:397 , Wrong: 363


;   == Confusion Matrix ==
;   real |  10    9    1    5    3    4    6    8    2    7 
;   -----+------------------------------------------------------------
;   p 10 | 279   30   24    2   15   16    1    8   11    6 
;   p  9 |  41   13   10    0    3    1    1    3    6    0 
;   p  1 |  21    8   35    1    2    0    1    0    6    1 
;   p  5 |  13    0    1   15    0    3    4    0    3    3 
;   p  3 |  11    5    1    0   27    5    0    1    6    0 
;   p  4 |  10    0    0    1    0    2    0    0    4    3 
;   p  6 |   0    0    0    1    0    1    5    0    3    2 
;   p  8 |   1    3    3    0    0    0    0    3    0    0 
;   p  2 |  11    0    2    8    3    1    0    3    7    5 
;   p  7 |   4    1    1    7    0    3    4    0    4   11 

