0.15238755390373987 1.1125007118691022 -6.029474378801106E-4 0.10508728418466114 -0.7748641414517333 1.396833318367759 1.5972771187940835 -0.49842378771950907 0.40665391944415524 0.6007624493905043 -1.1877549392425262 0.7107260976789584 -0.42014203312741677 -1.0901206885122776 1.0259331729491379 1.3281219063997234 -0.011993219503810082 -0.04462670622970321 1.9537518256556863 1.0809841388570298 -1.0183438554341258 -1.4481945143155792 1.2202413008180433 0.10611767145118438 -0.25582538525085585 -0.8082018109935264
1.1751137909374354 0.6715509344088382 0.7451607464614284 0.5519494014854791 1.4387052932964044 0.8527459223275783 -0.22576419011566443 -0.7812324247940217 0.8714751744243155 -0.7056571496563692 -0.590809488478455 0.6961272712183488 0.3782354574600757 0.5813963749362547 -0.5348669562133906 1.5441168314255234 -0.7695685977284921 1.7431398516720125 0.13300220692183135 -0.05068742995049556 -0.24022042130163604 0.3631185564952062 -0.49580365967865114 0.6053476652157961 -0.3674906355398622 -0.8082018109935264
0.04300280884718737 -0.5459493543574617 0.6559305849989181 0.1800540601287722 -1.0574944645511501 -0.297098289034679 0.20517971723112022 -0.5812855071968497 -0.16790388737069248 -0.41024046111094203 0.4883539635907407 -1.6351666161333862 -1.2434975161757644 -1.4786758962097324 1.0301084090657582 -1.3345903617164219 0.33226559254276594 0.42634115343902834 0.5670804264267546 -0.5683316744456944 0.24110966860195654 0.47325974187365627 0.47635090609743197 -0.07599080662666681 8.042215734928906E-6 -0.8082018109935264
-1.3872915440361584 -0.008490937670168215 -0.24430027251778486 0.7464655369928271 -0.43973500701892637 -0.39910067434364915 -1.0729062112845662 -1.4848664813891652 -1.5183127118991748 -0.0165196387739025 0.639809850461253 0.3961793258759228 -0.042227075902139234 0.33164138213294897 -0.3744436973862591 -0.3113750035473083 -1.0054232925769964 0.728476788517123 -0.10451252335299212 -0.7866191925016697 -0.5076229933170422 0.6807016637951482 -1.4038480901106778 -0.8247008791820062 -0.06223069591394388 1.0388092505083704
0.12679295983022915 -0.1598132350852459 -1.109687636849542 -1.2970596943454933 0.026255818598562 -0.37292782089118603 -2.9777310510682033 0.46481329917569614 -0.31306229527709595 -0.3466699217945479 0.4164182960248775 0.19293933010453923 -1.4185405934272908 -0.1826706716806348 0.11217589081491502 0.30362160655034764 0.4240916170391088 -0.4599524507624389 -1.4531299418156562 -0.7051154156732854 -0.5967906074147695 -0.19838743022003236 -0.008596334787791173 -0.6882208909004309 0.37284189661211925 1.0388092505083704
-1.9977263807462355 0.849665171443279 -1.8009993543103011 -0.08063505122833256 -2.0952451992678425 -0.30775330862187966 0.9562450589977282 -1.3128197777339314 1.3914780181828268 -2.4075561871056603 -0.13368216967065016 -0.661570326584881 -0.24563145546230933 1.3373967870207673 0.4228362748256753 0.37912319827159424 -0.32854629524364776 0.46411847199367795 -0.8031888615492149 -1.701080359354538 1.1181769892044398 -1.6130488355837875 -1.7982527236380275 -0.6807993415356733 1.2199433664547432 1.0388092505083704
-0.07146487012595855 -0.11722847946393133 0.1695289804566807 0.8218893313264649 -0.4412619361765339 0.10123204150089948 0.6709649746764466 0.5796019677404529 -0.8616988997740529 -0.7639655768100395 0.4166883143082518 -0.34714471299648675 0.5184516332470843 0.3587910660725108 0.4492490762798284 0.8126242741224372 0.3497569274270327 0.32078109014775835 0.4970152666481167 0.7033595830026684 1.0496645958940745 0.9367856249753327 -0.3696348117676409 -0.03826142605158754 0.4485999878600844 -0.0803256136095245
0.09987803151350819 -0.5987124045782548 -0.6315401056452168 -0.6049269748896972 -1.1021554888373057 -1.0181045103016082 0.42606765439593897 -0.6931531456690759 -0.607641188915678 -1.0255492545062654 -0.46525903496446885 0.4120302967694502 0.46843858767648794 -1.0099857932248064 0.5653314167488782 -0.9001493208172004 -0.892366335787678 0.5888083434459199 0.2722903464857519 0.5266401919927006 1.2507578304347755 -0.35473200780181213 -0.10008732867329304 0.7364371258087697 0.41900264100369516 -0.0803256136095245
-0.4666152126737749 0.8795397042340807 -0.7232153030316208 -1.8111922689208015 0.42750399257413624 -1.2048837981537737 0.7777027216010556 1.5394100463740263 1.390576095934004 -0.6091137245472755 -1.6771430629663373 -1.7947404857463674 -0.41876734537613824 -1.270379157020572 -0.9280764254915135 1.511576070699485 -0.06393707714013681 0.17963413753254162 0.7859175532235552 -0.03725840337152635 -1.3861314224667027 0.4081397039638044 -0.21026174793928035 -2.1915592322395123 -1.5132828188001786 -0.0803256136095245
-0.19604031311606346 0.04362824686770045 -0.3067866679536588 -0.5245322229155762 0.43151051479957175 0.4267204394603009 0.11824928962278872 0.44798129942323045 0.47510213228911213 -0.8372920903874862 -0.4792530179971605 0.9641914876474992 -0.075936353832876 0.9951692697184517 -0.4253388956743951 0.20726690099448 -1.0133526965549773 0.055754884125904305 0.4910699826241424 -0.018077949026910182 0.1664075826547353 -0.6075955873942287 -0.297306258511384 -0.25911129492051954 0.711310167178277 -0.2374972979178548
-0.3115513548386029 -0.22547039462073803 0.8005451355308999 -0.6984496678024985 -0.33864598988452377 -0.2930257268422938 1.6991704936777685 0.5212844290689916 -0.5462593620773165 -0.8206699573133455 -0.5209748046167179 -1.2399352391211855 -0.10983662153654647 0.08085052508177265 0.4289467243977868 0.49981871778839215 -0.7520727616654374 0.2932683388440384 -0.7739862444470953 0.7046856242577045 -0.07284731015524049 -0.873207558510727 -0.8339656742478238 -0.9923413180778989 -0.8187517172018446 -0.2374972979178548
0.29697700238023444 0.2593470270135132 1.0405936181753004 0.7746655096151555 0.9290410349097754 -0.9245451795397797 -2.020158337745348 -0.7564657514415272 0.46280083014765566 0.4879400752515904 -0.9980825660408539 1.6381963699992168 -1.4259271615166311 -1.049829440647227 -0.271787275566296 0.962875784813533 -1.6020909721741499 0.3857064440623977 -1.3176964047196915 -0.05653851091792154 0.7346753964880162 0.37496693970122646 0.3443913946440382 -0.20120981465925938 -1.0369447950835402 -0.2374972979178548
-0.529724581560893 -0.6672466621912801 -0.6855547812407972 -0.2860583352249308 -0.35775948537349744 0.3868132535004657 -0.3137924257142351 -0.327910865553769 0.6119710729414055 0.1560722004275525 -0.6009307340605117 -0.22662170599324033 0.10728496155969576 0.2523889855361008 -0.2517450554517843 -0.22895145966491354 -0.71445443420282 -1.0680433378283853 -0.09763677016449986 -0.28623851310686366 -0.5869084743336159 0.4574867009122072 0.3431655603634339 0.13828169240763935 -0.7802500366191393 -0.7939765201595401
-0.031697369550908884 -0.8039512096409868 -0.8037631179990757 -0.6739084948321822 0.3413691103458086 -0.5341129163212951 -0.5893431341264217 -0.39412941692174314 -0.03904508909085013 -0.042690358707378195 1.050648973850967 -0.3902612045945633 0.19719296669261246 0.7594863753337583 -0.2474476128362121 0.43650804034727664 -0.10367022754281939 -0.49442236910827225 -0.7708050643549504 -0.42421755938980305 -0.6723186582341851 -0.7450998880532178 -0.29440374982463835 -0.19369892331456887 -0.2558530831376673 -0.7939765201595401
0.29374231382862215 0.6828846711761126 -0.407534227568774 0.36509024810735774 -0.44898206331749413 0.05764420202706963 1.4586661714023261 -0.3128019306897239 -1.401159695460098 0.916182610181894 1.0469121440262283 -1.51226858935276 -0.30578390997466437 1.203809025661524 -0.7170981804240235 -0.9753789060791092 1.588603329444388 -0.7067727429695413 -0.20262377143356938 1.0390718617726018 -0.8718234111106496 -1.4793307267439015 -0.13771998769638683 0.5440582012615084 1.7629194948802958 -0.7939765201595401
0.6889370169711481 0.5666470208282641 0.4576938754053802 -0.43627187151049734 0.6004751429195978 -0.23563049294939872 0.6731908990946937 -0.8508839365772213 -0.6645203725854261 0.052570077346150205 0.8013561192285532 0.28089175946548184 0.1440862180712112 0.7739101488257831 -0.3493226015309994 0.2600301873540889 0.02829352058612462 -0.7853859565801479 -0.24108626605425532 -0.1331773451300259 -0.8462769834812073 -0.9254618896201893 0.5253642062690292 -0.6430605581771733 0.2712327593550679 -0.4928314446763534
0.1940288815261129 0.9041961442749863 -0.3459725628461504 0.3753710582334877 0.03756992584410138 0.3053449408754778 -0.5731227718118952 -0.8532142639900765 -0.965409123639199 -0.45328074400499807 -0.5195021680453882 0.058846171349469706 -0.5321980121046626 -0.05354020766041193 -1.6920961974355233 0.6125609502396518 1.0126456400812538 -0.23949516385994268 -0.5473800062611783 1.0673366955131252 -0.12235746374059535 0.31253940663758145 0.030189787961191292 -0.09757411696526624 -0.29976145441800145 -0.4928314446763534
-0.44027002728111925 -3.029351249088977 -0.8792733178279737 1.3541418739158035 -0.5608093058318985 1.511098569087355 0.7623838092252018 0.7794876146042399 -0.37598596741158335 -0.7810575669337674 0.8074238609535349 0.8441855994260662 -0.9017266481561572 -0.5247942070677873 -0.05856884980381896 0.07582703079028172 -0.3652163048116303 1.2523279219937755 -0.5755552922923514 0.021515063047200435 -0.5554419973052334 1.0291744262927984 -0.6484317402276224 1.4040607791574211 -0.41203450515363466 -0.4928314446763534
