<<<<<<< HEAD
0.5508238571535808 -0.44277249028814775 -0.8721395362025289 -0.1445682850114411 0.957241416906406 -1.0515147304147106 1.1481576390667967 0.8407682264518388 0.7647363762857828 0.9721813303847748 -0.3253285719832638 -0.6220909987953802 -0.6153636853462939 0.3340293006174263 -0.7681260284064522 0.7144424277648301 0.6226322364903631 -0.825337021716953 -0.07212402797702044 -0.37931483635449253 0.3272132657580095 0.8513786368715575 -0.8728497725369683 0.13738267398058787 0.2506329685587642 -1.2774679537122924 0.08751508750901424 0.2639617040260017
-0.07842336895389797 0.37887839617186075 -1.3823966384544353 -0.058023046134105145 -0.825427691220526 -1.116559098375686 -1.192130595949914 -0.8188404325784313 0.18489861714140027 0.9360376115884113 -0.7149986935579659 -0.16419887633162164 -1.0394384833663104 0.0821485224172419 -0.7810994369463259 0.6319779365620734 -1.534082684916351 0.20820533063824487 -0.0705143080803849 -0.709905151084473 0.46634618511287573 1.3985882604943571 -1.0284601985649267 -0.16338736395196926 -0.07096114267299666 -0.5434529738498142 -0.8326363197367916 0.2639617040260017
0.17476459460560045 1.2292945321261926 0.3665852495276053 0.41129990080063156 0.07303759267010534 -0.29897491443286245 -0.23809743624794227 -0.5908824048788366 0.4735516110267973 1.1217699149943616 -0.581559288224887 -0.9367161282809932 -0.017094643576529275 -0.053996136972017605 0.37461494216892166 0.7142879261123797 0.06448241853907581 -0.669302839919401 -0.9919155793608129 0.5001912201644595 -1.0174871800363088 1.131117641695467 -0.1603002963957782 0.9359506722924984 -0.9552276292942731 -0.31586130604607093 -1.302129176455004 0.2639617040260017
-0.9051842095673787 0.6058104151212209 0.23314814736639383 0.433517612804055 0.03968741186542244 1.203442406010253 -1.0479101889444307 0.6626839611202088 0.2765887627010605 -1.0247091076020962 0.24967450610096154 -0.3253873568478255 -0.9588676567544212 -0.1719032129441001 -1.2564680711232092 -0.19455356222068812 -0.9250239195415526 -1.1324625933894084 0.23467442465423072 -0.21565993316651275 -0.17639380307116198 0.40650441117263103 -0.5179768099497831 0.17005319249933684 -0.46621386587331554 0.5785259147340899 0.2758669788184891 -0.1967189832046444
-0.43238710856953333 -0.43672183378384727 -0.4954152551351919 0.45492389645704506 0.691488831464642 -0.8235080814520093 0.0543824193418894 1.072177865758722 0.6503659195270571 -1.1206560298853858 0.9286339708639959 -0.3561914086050569 1.242329747788671 -1.0459774188442756 0.21236584096854705 -0.10701988013480115 0.685505143797108 1.0851788566994829 -0.21579669730814371 -0.8683186632497217 0.1512813384125221 -0.658524608851223 0.44231097260935787 -0.8685535174289262 -1.4352920603589323 0.061673528956488276 -0.17874748266189097 -0.1967189832046444
-0.047838586295582845 -0.6852069565195564 0.4723021087471361 0.5137200662199438 0.6640731256579238 1.2058032894622683 0.6063943496614144 0.6463945425069781 -1.0389507130835463 0.8179297359491801 -0.5032295864177498 0.889742339544729 0.5527496209469638 1.3111008506620265 -1.0449699803922898 0.2177385000151515 -1.1110009291691088 -0.8560747029447361 0.08658381606008204 0.5507669235616096 0.764877868519655 -0.6448914719536255 0.8659911685992069 -1.4966968358965536 -0.5193986677356924 0.44307164067705235 0.2410427090640766 -0.1967189832046444
0.5081824610399964 -0.22410473262936598 0.8932218974871773 -0.6272501547988943 -0.19917271559349187 0.006595242630692847 -0.7309068258659404 -1.4384160972126683 -0.013726156784447162 0.49226749396782715 0.4540204732638885 0.8515284949364682 -0.4562156706026421 0.6157442152888752 1.016861906089825 1.1372829633165327 -0.9602318773970002 0.01689326299601652 -0.9637311873894839 -1.3290253996860701 0.5090886759620177 0.2396226169698175 0.0742106924094183 -0.5138768520185025 1.050251923019515 0.6543822417800853 0.40731755301363903 0.24456140684571198
-0.3859871869665394 -0.6515358819735927 0.13914523589125377 1.0654780264500452 0.2794763235379483 0.33637447078509997 -0.5938052394320422 -1.1042368617238656 1.1673209389189585 -0.46235184287832276 -0.7537477043555316 -0.15397851980563587 -0.29718212025478713 0.6700886855290307 0.6677189054900227 -0.2576603861140057 -0.4951185227874105 -0.898094691396621 0.2077709333938439 -0.7067667198517918 0.4160388395555969 -0.7246875170882217 -1.0029347627061675 0.3988736213912625 -0.32646547769469486 -0.8189619737902675 0.685903592000957 0.24456140684571198
-0.5212241983296761 -0.6423341773745955 -1.0109373408594517 0.39430888627918165 0.5086083343401979 -0.044326171212707294 -0.3580128797320631 -1.282168155745515 0.19955657860528217 0.18237388245629452 0.27086225869799435 -0.14572014025513613 1.1056421517167467 0.10956090372935268 -0.5462612488982235 -0.3422769418612953 0.5997613836903161 -0.9905056115439493 0.3628497403371972 -0.40108635721904173 0.442001658052735 -0.8141191230218436 -0.15138308361455816 -0.37702210293955535 0.32793548328700234 0.1420030051041103 -0.4995303575287121 0.24456140684571198
-0.7456531432004766 1.1827498305424649 -0.8145386949551153 -0.9679499520624801 -0.754991114784832 -1.0915045804798718 -0.03584383842780827 0.6084375046725304 1.1203086552057435 -0.35421037630773833 -0.41535449853124895 -0.8210752353866781 0.911392959866853 -1.0081570144869019 0.6975931488938514 0.3122881883323135 -0.30633725293581454 -0.5844901319105221 0.500014448696472 -0.7629966690910237 0.9540779680927668 -1.2520871032110965 0.515993818848808 0.1719898920067289 0.7915332314296876 -0.5035752371809601 1.0093447831876743 -0.6239860631798664
0.8200345651363363 -0.7484848229953964 0.9892868076814496 -0.9590854450150306 0.38524970912076445 0.4456028880582332 0.9891284584724758 -0.0338474241084383 -1.197406468302329 0.14471477243218692 0.44338267491199357 -1.041341891163682 0.30523570065293265 -0.41235502128961843 0.9042223767626509 0.9820828229317674 -0.8217464543588471 -1.2850160537689304 -0.5127958879270572 -0.5212601407072798 0.030303576835016863 -0.757009450040175 0.9150975492499411 0.26043737432398417 0.544525095110851 -0.567635049308334 -0.2056532797645863 -0.6239860631798664
-1.0343795820040178 -0.7271652617012337 0.5173189927692059 0.35389360192780944 -0.38473259880032523 0.5207254614688253 -1.182712748972324 0.0424651846914016 1.0232214210578927 -1.0013712515110196 -0.1558542017697307 -0.061571483840851336 -1.4952824286046846 -1.1613961524255474 0.749607859756241 0.8379613704111301 0.9501623570385554 -0.22591038827691157 -0.8178907012330678 0.7950589965125019 -0.02347296881552459 -1.078412601032941 0.5131822764066206 0.025900029300893544 0.2201658228385947 1.0444647061354642 -0.2460866513196656 -0.6239860631798664
=======
0.46019072492520535 -0.7473447016537441 -1.1373227840858837 0.14897095520238599 0.944549816199154 -0.7092532164886374 1.26375277198207 0.6650939395110224 0.8928422492653616 1.035635789139608 -0.9645341267717197 -0.27417095282352716 -0.7236216292113622 0.48744639149024893 -0.7128916951062281 0.5110919141864053 0.9406131318706933 -0.8724968145108188 -0.015573184867126898 0.004484199837627742 0.21852557693234717 0.7804924651471968 -0.9779232708509852 0.5454942704411143 0.10457505181200105 -1.0433060401200613 -0.5392576269612199 0.2960834506217058
-0.12423569058831853 0.501533290651854 -1.533378573894457 0.1889283667010044 -0.825809191975797 -1.119862204797879 -1.1749709857106772 -0.7811132403862009 0.16573523267792084 0.9801138990798438 -0.584718596074694 -0.24868227712697125 -1.0705117828870339 -0.4347447927975352 -0.8711605935676995 0.37796646384350624 -1.5549421828224206 0.3780804930104665 0.12594802868455768 -0.4796671510324692 0.5097203581115997 1.5163636805627394 -1.087988885502559 -0.09871941411669406 0.06651775257095817 -0.05997602055795703 -0.9235007652752244 0.2960834506217058
0.47404377664934666 1.2941242801379533 0.4501254314326612 0.8354390313602059 -0.49990181830881014 -0.4928719598297256 -0.12218765568673119 -0.569031944222276 0.3606090388196777 1.1252100109516379 -0.8146091985665093 -1.1079736187901843 0.31315749050224123 0.007716713516763084 0.5766957546828027 0.7248552630087585 -0.023876511815185852 -0.5725022400185164 -0.9755324313575909 0.49965726800406374 -1.0355328851499386 1.445608298590364 -0.4077159023833746 1.1200641291209543 -1.1629134725693975 -0.6962711233766322 -1.261322372006517 0.2960834506217058
-0.8159671270739631 0.26700886821950987 0.2770830422753724 0.2372056033587106 -0.06460854134875632 0.8784582609010838 -0.8435361096397948 0.588600392004638 -0.1071078405113898 -1.1409792297247503 0.17166045929598922 -0.2951005923106048 -0.7642015366978168 -0.46260652816954495 -0.8238944706249539 -0.6850167248178691 -0.8866029321088286 -0.9888954388860288 0.16843466816953906 -0.03336470842086995 -0.47901924254678185 -0.13686017688778893 -0.6141916668610737 0.1266231240919994 -0.32654347248476534 0.22411691520278904 0.487131122401216 -0.22650907136033413
-0.5453639199387615 -0.5169264365243407 -0.42895222889619544 0.37686882815929373 0.766523142100105 -1.0925241301296935 -0.03562053043603526 1.1029167302429574 0.4482955887831957 -0.9713256566140253 1.0075082466377316 0.10699939120276863 1.0475009302002396 -0.8284647696412634 -0.03340496156706503 -0.6106067690643213 0.708091022121553 0.9777498637801941 -0.1036954111808562 -0.6308483902609576 -0.15384649936047443 -0.8876779421070065 0.4553791398793164 -0.8587219618548267 -1.1919600609479182 0.48636105126630225 -0.1836638522582681 -0.22650907136033413
0.19833072756794926 -0.7112989189759632 0.5385547945027335 0.5802235501375064 0.6065982056157044 1.1667060108294005 0.8160143038255672 0.7930038156496846 -0.9736235670226833 0.8532458719586449 -0.31836218178624215 0.97685134796801 0.6923254247697556 1.2813115964879245 -1.231867507660106 -0.24219429610982923 -1.6591818142803034 -0.6434931359978703 0.3115524979353439 0.33061281972186535 0.8834139495623152 -0.3360920043188744 0.9326934253446362 -1.5820226453762893 -0.3343043574912671 0.3385144683738199 0.7176905596753075 -0.22650907136033413
0.4667784051299549 -0.24187249049012743 1.3039773509238215 -0.5947433423520504 -0.4327285991400692 -0.19478085599307665 -0.89670629994605 -1.3556824207940297 -0.08788994991938509 0.6680580992145895 0.7528857692580408 0.6850625681302498 -0.8066896275510744 0.594422663683131 0.8954524954725943 1.1956339526182072 -1.0049474945279335 0.19177712589597312 -0.9382968228488332 -1.2358436209170525 0.3609300574833287 0.3622564220502275 0.17926415976827864 -0.8511386720977399 0.9087390812936578 0.6485455843789447 0.16570400849061834 0.21018367270976532
-0.3332447585039394 -0.5527080941952598 0.30273649815284004 1.197116331891824 0.1457365203033013 0.5542791949996239 -0.6183870347134226 -1.2967637785790818 1.2458260902013967 -0.2218616040795077 -1.109404866052854 -0.28763219998862904 -0.4600320407491689 1.0530686190394414 0.5397040449081063 -0.14914401836308713 -0.41099474125158425 -0.7714681390705797 -0.18562773805592928 -0.5175733554182272 0.7805620915750783 -0.532315124290632 -0.887191824391659 0.36507989236346683 -0.29574154157010407 -1.189440156768708 0.9134294397076332 0.21018367270976532
-0.6137774914920895 -0.6617445243198912 -1.2429052640025453 0.15256854771929623 0.8663329985378128 -0.24643099644418273 -0.5240957155010437 -1.291142376146894 0.17109138046062647 -0.10776062864800542 0.7558031586171307 -0.1603869786502264 0.9601539171856746 -0.06216969351415834 -0.43044602708942653 -0.3583015393520411 0.6424134189906474 -0.9242723819653883 0.4825460935684947 -0.5015743540162169 0.16101464330214002 -1.1353437112095621 -0.3888089826332159 -0.25039894445826094 0.6516341172017984 0.18919760703936445 -0.9075235586134887 0.21018367270976532
-0.5673148071286068 1.2042794764929874 -0.8397800898382614 -0.8240234427819211 -0.6189905771911697 -0.5936328599498295 -0.15696023822746105 0.32027289813495075 0.5608608905754454 -0.5582202096098583 -0.135639983447919 -0.7638337491955218 1.023174755132622 -0.8628582787375751 0.6360947855676863 0.3244445075836042 -0.2768696360654133 -0.3971072115535466 0.43407615138152733 -0.4606642247674596 0.7169730193695105 -1.0634882540080302 0.6712963837135877 -0.06916510754627031 0.28793385830605367 -0.2219824484957769 1.133157362422875 -0.6297309607373442
0.8896736573813113 -0.6373788595457824 1.09560681576572 -1.579209928979556 0.2682569700257278 0.6718037220916631 1.1829027202004314 0.12315787110091453 -1.3918728361821406 -0.17077940683369977 0.41151656949620224 -0.7736954329045732 0.42779371821865975 -0.27839385242874987 0.8428039351579929 0.9725401737083881 -0.552063879814918 -1.401937617808459 -0.4146464099891255 -0.4026748836382158 -0.684957012013178 -0.8156633391368825 0.8984811925684596 0.28778462632762214 0.4934460830477335 -0.7059013957444791 -0.28230254707196356 -0.6297309607373442
-1.3077882671956436 -0.621319249341922 0.3061241571167206 -0.6234984366971847 -0.3257457251588397 0.3873954110865295 -1.0968713264422185 0.07103148540364788 0.9843616113585956 -1.275294120462292 -0.25127280195044577 0.06879608819126573 -1.9294190998854928 -1.080090218909363 0.673844853730417 0.7194507264271953 1.1019326982458977 0.029911142147170368 -0.8183828514152502 0.5491088515419165 3.704275353348578E-4 -1.0968134191702823 0.5387293823327975 -0.05532477133164045 0.21783627097735542 1.0582653403128042 0.050656488643519314 -0.6297309607373442
>>>>>>> origin/master
