1.290379371123612 -0.6125190371193885 0.8683338623689791 -1.91003599295514 1.0431344481831104 1.1786646802380716 -0.7091005478097272 0.8228510905463388 -1.139288423043955 0.6265829052006944 -0.04536214946073744 -1.0501771348927513 1.2701304950853274 -1.0723829687661184
1.4558117607660834 -0.4389771951916071 -2.1661380619964707 -2.7251764673797814 1.426462722619491 1.2738474085176954 -0.43301270096382405 0.016595388033551945 0.47094288060766293 -1.2318145049501772 -0.9276460019994618 -0.6103185927953684 0.41341567869925644 -1.0723829687661184
-0.9137649221501376 1.411347503517142 -0.2584470054174942 0.9083225915768824 -1.35290432472568 1.4722812696160132 -0.43000101472191 0.4371063396092365 0.3296740815356642 -1.179303551164063 -1.824036671421361 0.4935352807618049 0.5293265084034233 -1.0723829687661184
0.1471400547563356 0.04622054121868741 -0.10942696457866316 0.6891219161348306 0.8969592385457523 -0.5163289225393765 -0.5995940520792193 -0.0955676295738028 0.778273152847053 -0.40377044721813904 -0.7779046924411831 2.0121667597381365 -0.8249244938373526 -0.24202281569155237
-0.8157519123910698 1.978282269196314 0.6653715968796083 1.0682276518419813 -1.2084728004731073 -0.5369146288184901 1.7573051173796839 1.4048097972760227 -0.38293775119658185 -0.6127879581292044 -0.7116290520647008 -1.2922500555229168 -0.7858549145877476 -0.24202281569155237
-1.4532083306671781 -2.0131695896263664 0.8694601145177279 -2.2371107736686606 -0.11371760233387382 -1.1807387521677797 0.49471155349399787 1.8700166303627446 1.6277177883574665 -0.3988001702141732 1.004850593124119 1.019045356015212 -2.132065240629344 -0.24202281569155237
-0.9753981370718804 1.4818635826143456 0.1768144401971103 0.47014756697533466 -1.3706599229272578 -0.25601884806191644 1.3796260120001202 -0.8250579649590272 -0.3054594158586398 -1.3993981828701125 0.7408758013896722 -1.2284472833553377 1.5984120631987533 0.6157681016715951
0.4524573990939053 -0.019570459350500984 1.27826097236605 0.2369653653288939 -0.33423501533205563 -1.0920940635033607 -2.077177526692516 0.5349659287659289 -0.5902426786044641 -1.0953570403446713 2.003649539490989 0.9066530955720911 -0.40755461084610034 0.6157681016715951
0.8003019873310212 -0.45320958453673427 -1.03330148791563 0.29433706597804565 -0.7326598533539647 -1.286617981898988 -1.4231712479953356 -1.1396709215143355 -1.0945478681517746 0.9315739158617415 -1.1282987986459805 1.4706768474077172 0.5259185323549758 0.6157681016715951
-1.2634735735946316 -0.8411927831057612 -1.2478997527495526 1.114730851217555 -1.766380811585354 -0.3262786604416926 0.6978172838392278 -0.9730398437921768 0.025485065375590813 -0.5707624518694572 -0.18526500696010043 0.35785218052483636 -1.66425027542559 0.5435583994415571
-0.7075453643783728 -0.8801253599362762 -0.2506799732495045 0.6739345377116173 -1.1088496195319948 0.6757962303079247 -0.12607962672783954 -1.3669749880506827 -1.0735063477625617 1.7613545682405984 -1.6998608072263675 0.9679737510858285 0.49914470035185016 0.5435583994415571
1.2943246795800587 0.8355187953356512 0.5720170304453055 0.851244785926981 1.7202661123856504 0.33121900428017925 0.8995968024737422 -1.6126745679521832 -1.54190697416919 0.36203337355067366 0.683895759597371 -2.9985701940834764 1.2978353435931882 0.5435583994415571
