1.1693919754085609 -0.5591278010112872 -1.2196706366425591 0.07917339628196048 0.793300980658788 -1.6073622559433245 0.7375613551966703 0.5903188919383852 0.24962048568211187 0.3143804087698025 -0.5277022296935377 -0.5034840128510377 -1.3282982624684312 1.0730235184102077 -1.2768021935779585 0.4180142702751342 0.6124239135008216
1.0177884530640091 0.30594143887279396 -0.5116367663781726 -0.4631470871933158 0.5767319615039078 0.9339354586706906 0.5662174823375763 0.08085887298100432 1.1560393900091746 0.22979003307619525 -0.9070719361008684 0.29808715462195956 0.1797119560105825 -0.2618982767057631 0.36502587759900046 -1.0305859533722197 0.6124239135008216
-0.44988125418815383 0.042792924566407355 -0.751590566385372 0.11751893179826926 0.6665400978740431 -0.7642286091373561 0.2162413566292164 -0.43589076430493523 -0.5921502888408358 -0.09853433792116827 0.7105540738821147 -1.5343197379531242 0.4356805736981446 0.08978874767623839 -0.2947828128008201 0.6271251979671029 0.6124239135008216
0.19234098231596078 0.043140961762314696 0.057402520777529074 0.4748198297543084 -0.532130673110163 1.1449575214754275 2.53189037011127 -0.14062471301597645 0.24105720266131994 0.07239701754476388 0.993970652862439 -0.552482118122335 0.040740647567879124 0.16252003058229797 0.3623518324017547 -0.5500487154605483 -0.5157905230278408
-0.7491495460964169 -0.01340661247395114 0.016682079308180886 -0.04597219904247257 0.05142441976944237 0.19885659931583077 -0.4146018093392571 -1.0753488268303837 0.10806310818020867 -0.09526785498214745 0.6387305360164319 0.1344076499633789 0.6381696107250046 -0.6858953999684516 0.8869258610266461 -1.171366791297787 -0.5157905230278408
-0.1479728729309624 -0.9130804791009143 0.289172793048174 0.784827184407173 -0.13157060271449939 -0.4649391535991025 0.3544380819386876 -0.6147403843828942 0.5169839163193424 0.05413619546217606 -1.0706498676047105 0.3566430644485721 -0.5880326973831665 -1.2331545468356302 0.10460321826547578 -1.4374187745788798 -0.5157905230278408
-0.88829454843456 -1.483038510689256 0.027478336946958795 -0.7998671743867312 0.3209468529949187 0.28535118060115144 -0.8872776395688704 0.05763048056549495 0.15984046929471588 0.3307113173010397 1.0748943090801717 -0.08347998287744215 -0.29252200377202686 -0.7331024213856019 0.90619051143547 0.8706692567882154 -0.25663534230782886
-0.6866132564297259 -0.3535711379004808 1.074813516867758 0.8817315091841049 -1.0318580509142974 0.21132349097841438 -0.5527884091250677 1.1253321081383845 -1.116510698188483 -0.18992418742410955 0.4795509791651269 0.03623534904133584 0.631122338239595 -0.6686107258808749 -0.28788744692548224 0.32274306288026167 -0.25663534230782886
0.04293745057351022 0.44341454554737375 -0.4078557687685922 -0.04888854967832848 0.15328798454733117 -0.2889222840220073 0.07357102489259561 -0.8417674387939081 0.09146973368333607 0.1067440371749574 0.4635560110683053 0.7996665277199352 0.017522358010712592 0.5104908940382463 -0.7407354740708537 0.38479749769979615 -0.25663534230782886
0.20525465048198335 0.7530682300610891 1.1662462660610766 -0.7746063898922717 0.6994865688805249 -0.5823640625623557 -1.2176636538423442 0.3698802694797891 0.607360263561331 0.8755616879734436 -2.548264269278433 0.7970519782035725 -0.9821234012373395 -0.3145936290047907 0.281564991720123 -0.029511114376171835 0.3775285261096306
-0.31960698694900924 0.21501602296731506 -0.9644915085898812 0.553888031019241 0.11763990498791384 0.3224297960176824 -0.44425169052887636 -0.7121871605675478 -0.8072922073098686 -0.4755793510523404 0.17177864448935867 0.8603652216590715 0.5773806842167483 -0.11815508590803321 -0.009040281089504276 1.1258829058383606 0.3775285261096306
0.5945963441809333 -0.6292525261160765 0.06918833967544226 -1.6446876601965381 -0.2918147829308377 0.8449070050325908 0.04262598730489667 0.4845799240794357 -0.2651292813257921 0.9716320113767112 0.5234431376092041 0.1911206062471865 -0.3894737951627012 -0.4965467430398369 -0.21856531612235758 0.8415169963033627 0.3775285261096306
