0.5637169224223876 0.22159831785122336 -0.5514467535012673 -0.17853180048491063 1.0068316045704246 -1.193310171685291 1.057833527024334 1.5617094811400691 0.7558484244449644 0.9100354904827298 -0.1329768021176211 -0.774213306386394 -0.6003069974764642 -0.4940779345928672
0.14759864879085596 -1.545350815304488 1.3427263017577535 1.3083537407426584 -1.5279972525939913 0.4635219352176507 -1.4035388460162177 0.88594719894434 0.8605678666768205 -2.6761328432185465 -1.5397818408944186 0.16879879861877745 -0.9318568949018657 -0.4940779345928672
1.0292425913253125 1.1505570847774855 -0.4497213301581558 -2.1367991012836263 0.8892855059592195 -0.42509722963938323 -1.0250218285686896 -0.5078275804214355 -0.6598708437550662 -0.11122471755325145 2.2649948071574855 0.2631907670981106 -0.8384524769957493 -0.4940779345928672
-1.9577554888076627 -0.5816607028376074 1.0101699344382185 -0.7420055128158247 0.35387709573551906 -0.1691355985092295 -2.1813339807112864 0.03064732546350929 1.3745772390772129 -1.6808089362918164 -0.042771552139610376 0.09801685096365194 -0.27675402816091976 0.17161400760266055
0.7514926280242015 0.3411917398885088 2.034588970294722 0.6739693505419204 0.9121991219992799 0.09821384954752818 0.42452692679220744 -1.6280279790961267 -2.563005547360821 1.3755717800279044 0.9991787229134769 1.430692085791538 -1.0246179768373023 0.17161400760266055
0.2575560957353927 -0.6817149882403231 -0.875956865265622 1.3692065648720078 1.6850777438491515 -1.6592317592311217 -1.8404799734269204 0.6599293555069089 -1.1694733784199696 1.5094395030233916 -0.6002810154416651 0.8572387610382574 -0.5251355003059187 0.17161400760266055
-0.35079893747829494 0.078520851612825 -0.5644024351955066 0.793613083848071 0.3097301659799131 0.28663447186032925 0.40933692145179257 1.5551101809091037 -0.9370828135621379 0.8964792134327058 0.6173083695707392 -1.2968929811468928 0.3276463827947435 0.49140184032299206
-0.27583940029198784 -1.418967026857203 -0.362284037402074 -1.672075759624396 1.1348568377211028 -1.5837396635103638 -1.2395050625951554 0.7153889928840041 -0.04912912612335751 -0.2082124220887257 1.4491359594886621 -0.29433943687564573 -0.026100292126984025 0.49140184032299206
-1.638849313210757 -0.07459158712416805 0.629589531583925 -0.7460832043192134 -1.0919940599015663 -0.20875856380595598 1.426091989478098 1.520807891522218 -0.8984719107678517 -0.2906256854864735 1.3765699794780135 1.2363756105551078 -0.9401378059749688 0.49140184032299206
0.4819216265655676 1.0248193200083722 -1.161009483902271 -0.01070493235706537 -0.1616349959452084 0.996868351058894 1.4034401906469303 -2.0905832245651905 -0.6846858409414931 0.663923991714157 -0.4190458927008199 0.9592854857456274 -0.39460040786422496 -0.9293249234952292
-1.4395718828762543 0.7393639059563136 -1.8192462647460381 -0.5522419117551923 -1.3164544275277743 0.5677590026981841 0.9718717711495786 0.9666977152234242 1.8800695550730182 0.5023016655245294 0.018470057422363347 -2.3565252844452074 1.2334222799383026 -0.9293249234952292
-0.09587245027536119 1.237904275206979 1.0121839602330196 1.374977308125254 -1.7773297107666557 0.9051326871105482 -0.6561012836307641 -2.203967170256324 0.2530612008351604 0.16903072729275848 -0.8996583264409646 -2.3386546739569307 0.8480126676276921 -0.9293249234952292
